Construct: AP

Matrix shape: (1584, 224) (transient nodes x absorbing nodes)

Example absorption profile (first row):
517     0.000000e+00
518     0.000000e+00
519     0.000000e+00
520     0.000000e+00
521     0.000000e+00
522     0.000000e+00
523     0.000000e+00
524     0.000000e+00
525     0.000000e+00
526     0.000000e+00
527     0.000000e+00
528     0.000000e+00
529     4.398049e-02
530     2.376518e-02
531     2.234043e-02
532     5.746530e-02
533     3.702109e-02
534     6.749441e-03
535     7.102023e-03
536     0.000000e+00
537     0.000000e+00
538     0.000000e+00
618     0.000000e+00
619     0.000000e+00
620     0.000000e+00
621     0.000000e+00
622     0.000000e+00
623     0.000000e+00
624     0.000000e+00
625     0.000000e+00
626     0.000000e+00
627     0.000000e+00
628     0.000000e+00
629     0.000000e+00
630     0.000000e+00
631     0.000000e+00
632     0.000000e+00
633     0.000000e+00
634     0.000000e+00
635     0.000000e+00
636     0.000000e+00
637     0.000000e+00
638     0.000000e+00
639     0.000000e+00
640     0.000000e+00
641     0.000000e+00
642     0.000000e+00
643     0.000000e+00
644     0.000000e+00
645     0.000000e+00
646     0.000000e+00
647     0.000000e+00
648     0.000000e+00
649     0.000000e+00
650     0.000000e+00
651     0.000000e+00
652     0.000000e+00
653     0.000000e+00
654     0.000000e+00
655     0.000000e+00
656     0.000000e+00
657     0.000000e+00
658     0.000000e+00
659     0.000000e+00
660     0.000000e+00
661     0.000000e+00
662     0.000000e+00
663     0.000000e+00
664     0.000000e+00
665     0.000000e+00
666     0.000000e+00
667     0.000000e+00
668     0.000000e+00
669     0.000000e+00
670     0.000000e+00
671     0.000000e+00
672     0.000000e+00
673     0.000000e+00
674     0.000000e+00
675     0.000000e+00
676     0.000000e+00
677     0.000000e+00
678     0.000000e+00
679     0.000000e+00
680     0.000000e+00
681     0.000000e+00
682     0.000000e+00
683     0.000000e+00
684     0.000000e+00
685     0.000000e+00
686     0.000000e+00
687     0.000000e+00
688     1.695623e-03
689     1.632832e-03
690     0.000000e+00
691     0.000000e+00
692     0.000000e+00
693     0.000000e+00
694     0.000000e+00
695     0.000000e+00
696     0.000000e+00
697     0.000000e+00
698     0.000000e+00
699     0.000000e+00
700     0.000000e+00
701     0.000000e+00
702     0.000000e+00
703     0.000000e+00
704     0.000000e+00
705     0.000000e+00
706     0.000000e+00
707     0.000000e+00
708     0.000000e+00
709     0.000000e+00
710     0.000000e+00
711     0.000000e+00
712     0.000000e+00
713     0.000000e+00
714     0.000000e+00
715     0.000000e+00
716     0.000000e+00
717     0.000000e+00
718     1.298627e-02
719     2.189977e-02
720     1.641748e-02
721     0.000000e+00
722     0.000000e+00
723     0.000000e+00
724     0.000000e+00
725     0.000000e+00
726     0.000000e+00
727     0.000000e+00
728     0.000000e+00
729     0.000000e+00
730     0.000000e+00
731     0.000000e+00
732     0.000000e+00
733     0.000000e+00
734     9.972504e-04
735     2.440315e-03
736     3.608780e-02
737     4.102234e-02
738     3.848965e-02
739     2.344408e-02
740     3.753250e-02
741     1.968915e-02
742     2.104180e-02
743     6.007681e-03
744     1.399978e-03
745     3.157667e-02
746     9.939879e-03
747     4.644833e-02
748     9.333389e-02
749     4.636829e-02
750     8.458540e-02
751     0.000000e+00
752     0.000000e+00
753     0.000000e+00
1511    1.726837e-03
1512    1.722904e-03
1513    0.000000e+00
1514    2.095649e-02
1515    2.141114e-02
1516    3.396124e-02
1517    1.033029e-02
1518    6.605782e-03
1519    2.880681e-03
1520    2.015956e-02
1521    4.795981e-03
1522    0.000000e+00
1523    0.000000e+00
1524    2.038682e-02
1525    6.031347e-03
1526    1.205941e-02
1527    2.350583e-02
1528    0.000000e+00
1529    0.000000e+00
1559    3.558549e-04
1560    2.279034e-04
1561    2.477023e-04
1562    1.786986e-04
1563    2.038853e-04
1564    2.693566e-05
1565    0.000000e+00
1566    0.000000e+00
1567    1.594889e-04
1568    3.864548e-04
1569    1.567652e-04
1570    1.002649e-04
1571    1.941419e-05
1572    1.127359e-04
1573    3.595924e-04
1574    0.000000e+00
1575    0.000000e+00
1576    0.000000e+00
1577    0.000000e+00
1578    0.000000e+00
1579    0.000000e+00
1580    0.000000e+00
1581    2.882168e-04
1582    1.866102e-04
1583    2.766281e-04
1584    0.000000e+00
1585    0.000000e+00
1586    0.000000e+00
1587    0.000000e+00
1588    0.000000e+00
1618    2.351713e-06
1619    2.375874e-06
1620    2.025740e-06
1621    1.347968e-05
1622    1.314586e-05
1623    1.343228e-06
1624    6.660517e-06
1625    5.221231e-07
1626    5.028705e-07
1627    4.793040e-06
1628    1.035809e-05
1629    3.014746e-04
1630    5.648851e-04
1631    2.451352e-04
1632    3.067287e-03
1633    2.482845e-03
1634    9.998418e-03

Absorbing state influence (normalized):
748     0.082726
750     0.074354
747     0.050492
749     0.041535
738     0.040107
737     0.039215
745     0.035716
740     0.035322
736     0.035101
688     0.030760
689     0.029072
532     0.029054
739     0.026490
1516    0.026325
533     0.022103
719     0.021141
742     0.020230
529     0.019438
741     0.018182
1527    0.018057
720     0.016593
1515    0.016040
1524    0.015684
1514    0.015683
1520    0.015069
535     0.014915
718     0.013200
746     0.012067
1526    0.010247
1517    0.009487
530     0.009427
531     0.008841
1634    0.007198
743     0.007163
619     0.006839
1525    0.006164
1521    0.005586
620     0.005291
621     0.005269
618     0.005267
622     0.005212
1518    0.005082
1528    0.004497
1562    0.003636
735     0.003188
1632    0.003083
1633    0.002903
623     0.002803
534     0.002735
1560    0.002640
1563    0.002423
744     0.002418
1561    0.002381
1588    0.002299
753     0.002299
517     0.002299
1519    0.002277
1570    0.001930
1621    0.001837
1622    0.001799
1511    0.001688
1512    0.001684
624     0.001637
1630    0.001596
1624    0.001555
1629    0.001324
1568    0.001204
734     0.001166
1628    0.001149
1627    0.001140
1559    0.001103
1631    0.001093
625     0.001082
1582    0.001017
1573    0.001005
1571    0.000864
1581    0.000722
1567    0.000711
1619    0.000709
1583    0.000703
1618    0.000700
1569    0.000676
1620    0.000629
1623    0.000515
1572    0.000469
1625    0.000324
1626    0.000316
1564    0.000252
752     0.000101
630     0.000101
629     0.000101
628     0.000101
627     0.000101
626     0.000101
1513    0.000101
635     0.000101
751     0.000101
631     0.000101
632     0.000101
633     0.000101
634     0.000101
1522    0.000101
636     0.000101
637     0.000101
638     0.000101
639     0.000101
640     0.000101
641     0.000101
642     0.000101
538     0.000101
652     0.000101
1523    0.000101
1575    0.000101
519     0.000101
520     0.000101
521     0.000101
1587    0.000101
1586    0.000101
1585    0.000101
1584    0.000101
1580    0.000101
1579    0.000101
1578    0.000101
1577    0.000101
1576    0.000101
1574    0.000101
537     0.000101
1566    0.000101
1565    0.000101
644     0.000101
522     0.000101
523     0.000101
524     0.000101
525     0.000101
1529    0.000101
526     0.000101
527     0.000101
528     0.000101
536     0.000101
643     0.000101
645     0.000101
653     0.000101
673     0.000101
675     0.000101
676     0.000101
677     0.000101
678     0.000101
679     0.000101
680     0.000101
681     0.000101
682     0.000101
683     0.000101
684     0.000101
685     0.000101
686     0.000101
687     0.000101
651     0.000101
650     0.000101
690     0.000101
691     0.000101
674     0.000101
672     0.000101
693     0.000101
671     0.000101
654     0.000101
655     0.000101
656     0.000101
657     0.000101
658     0.000101
659     0.000101
660     0.000101
661     0.000101
662     0.000101
663     0.000101
664     0.000101
665     0.000101
666     0.000101
667     0.000101
668     0.000101
669     0.000101
670     0.000101
692     0.000101
694     0.000101
646     0.000101
715     0.000101
717     0.000101
649     0.000101
648     0.000101
647     0.000101
721     0.000101
722     0.000101
723     0.000101
724     0.000101
725     0.000101
726     0.000101
727     0.000101
728     0.000101
729     0.000101
730     0.000101
731     0.000101
732     0.000101
733     0.000101
716     0.000101
714     0.000101
695     0.000101
713     0.000101
696     0.000101
697     0.000101
698     0.000101
699     0.000101
700     0.000101
701     0.000101
702     0.000101
703     0.000101
704     0.000101
705     0.000101
706     0.000101
707     0.000101
518     0.000101
709     0.000101
710     0.000101
711     0.000101
712     0.000101
708     0.000101

Top 10 most certain transient nodes (lowest entropy):
      517  518  519  520  521  522  523  524  525  526  527  528  529  530  531  532  533  534  535  536  537  538  618  619  620  621  622  623  624  625  626  627  628  629  630  631  632  633  634  635  636  637  638  639  640  641  642  643  644  645  646  647  648  649  650  651  652  653  654  655  656  657  658  659  660  661  662  663  664  665  666  667  668  669  670  671  672  673  674  675  676  677  678  679  680  681  682  683  684  685  686  687  688  689  690  691  692  693  694  695  696  697  698  699  700  701  702  703  704  705  706  707  708  709  710  711  712  713  714  715  716  717  718  719  720  721  722  723  724  725  726  727  728  729  730  731  732  733  734  735  736  737  738  739  740  741  742  743  744  745  746  747  748  749  750  751  752  753  1511  1512  1513  1514  1515  1516  1517  1518  1519  1520  1521  1522  1523  1524  1525  1526  1527  1528  1529  1559  1560  1561  1562  1563  1564  1565  1566  1567  1568  1569  1570  1571  1572  1573  1574  1575  1576  1577  1578  1579  1580  1581  1582  1583  1584  1585  1586  1587  1588  1618  1619  1620  1621  1622  1623  1624  1625  1626  1627  1628  1629  1630  1631  1632  1633  1634       entropy
1532  0.0  0.0  0.0  0.0  0.0  0.0  0.0  0.0  0.0  0.0  0.0  0.0  0.0  0.0  0.0  0.0  0.0  0.0  0.0  0.0  0.0  0.0  0.0  0.0  0.0  0.0  0.0  0.0  0.0  0.0  0.0  0.0  0.0  0.0  0.0  0.0  0.0  0.0  0.0  0.0  0.0  0.0  0.0  0.0  0.0  0.0  0.0  0.0  0.0  0.0  0.0  0.0  0.0  0.0  0.0  0.0  0.0  0.0  0.0  0.0  0.0  0.0  0.0  0.0  0.0  0.0  0.0  0.0  0.0  0.0  0.0  0.0  0.0  0.0  0.0  0.0  0.0  0.0  0.0  0.0  0.0  0.0  0.0  0.0  0.0  0.0  0.0  0.0  0.0  0.0  0.0  0.0  0.0  0.0  0.0  0.0  0.0  0.0  0.0  0.0  0.0  0.0  0.0  0.0  0.0  0.0  0.0  0.0  0.0  0.0  0.0  0.0  0.0  0.0  0.0  0.0  0.0  0.0  0.0  0.0  0.0  0.0  0.0  0.0  0.0  0.0  0.0  0.0  0.0  0.0  0.0  0.0  0.0  0.0  0.0  0.0  0.0  0.0  0.0  0.0  0.0  0.0  0.0  0.0  0.0  0.0  0.0  0.0  0.0  0.0  0.0  0.0  0.0  0.0  0.0  0.0  0.0  0.0   0.0   0.0   0.0   0.0   0.0   0.0   0.0   0.0   0.0   0.0   0.0   0.0   0.0   0.0   0.0   0.0   0.0   1.0   0.0   0.0   0.0   0.0   0.0   0.0   0.0   0.0   0.0   0.0   0.0   0.0   0.0   0.0   0.0   0.0   0.0   0.0   0.0   0.0   0.0   0.0   0.0   0.0   0.0   0.0   0.0   0.0   0.0   0.0   0.0   0.0   0.0   0.0   0.0   0.0   0.0   0.0   0.0   0.0   0.0   0.0   0.0   0.0   0.0   0.0   0.0   0.0 -1.000311e-12
1535  0.0  0.0  0.0  0.0  0.0  0.0  0.0  0.0  0.0  0.0  0.0  0.0  0.0  0.0  0.0  0.0  0.0  0.0  0.0  0.0  0.0  0.0  0.0  0.0  0.0  0.0  0.0  0.0  0.0  0.0  0.0  0.0  0.0  0.0  0.0  0.0  0.0  0.0  0.0  0.0  0.0  0.0  0.0  0.0  0.0  0.0  0.0  0.0  0.0  0.0  0.0  0.0  0.0  0.0  0.0  0.0  0.0  0.0  0.0  0.0  0.0  0.0  0.0  0.0  0.0  0.0  0.0  0.0  0.0  0.0  0.0  0.0  0.0  0.0  0.0  0.0  0.0  0.0  0.0  0.0  0.0  0.0  0.0  0.0  0.0  0.0  0.0  0.0  0.0  0.0  0.0  0.0  0.0  0.0  0.0  0.0  0.0  0.0  0.0  0.0  0.0  0.0  0.0  0.0  0.0  0.0  0.0  0.0  0.0  0.0  0.0  0.0  0.0  0.0  0.0  0.0  0.0  0.0  0.0  0.0  0.0  0.0  0.0  0.0  0.0  0.0  0.0  0.0  0.0  0.0  0.0  0.0  0.0  0.0  0.0  0.0  0.0  0.0  0.0  0.0  0.0  0.0  0.0  0.0  0.0  0.0  0.0  0.0  0.0  0.0  0.0  0.0  0.0  0.0  0.0  0.0  0.0  0.0   0.0   0.0   0.0   0.0   0.0   0.0   0.0   0.0   0.0   0.0   0.0   0.0   0.0   0.0   0.0   0.0   0.0   1.0   0.0   0.0   0.0   0.0   0.0   0.0   0.0   0.0   0.0   0.0   0.0   0.0   0.0   0.0   0.0   0.0   0.0   0.0   0.0   0.0   0.0   0.0   0.0   0.0   0.0   0.0   0.0   0.0   0.0   0.0   0.0   0.0   0.0   0.0   0.0   0.0   0.0   0.0   0.0   0.0   0.0   0.0   0.0   0.0   0.0   0.0   0.0   0.0 -1.000311e-12
771   0.0  0.0  0.0  0.0  0.0  0.0  0.0  0.0  0.0  0.0  0.0  0.0  0.0  0.0  0.0  0.0  0.0  0.0  0.0  0.0  0.0  0.0  0.0  0.0  0.0  0.0  0.0  0.0  0.0  0.0  0.0  0.0  0.0  0.0  0.0  0.0  0.0  0.0  0.0  0.0  0.0  0.0  0.0  0.0  0.0  0.0  0.0  0.0  0.0  0.0  0.0  0.0  0.0  0.0  0.0  0.0  0.0  0.0  0.0  0.0  0.0  0.0  0.0  0.0  0.0  0.0  0.0  0.0  0.0  0.0  0.0  0.0  0.0  0.0  0.0  0.0  0.0  0.0  0.0  0.0  0.0  0.0  0.0  0.0  0.0  0.0  0.0  0.0  0.0  0.0  0.0  0.0  0.0  0.0  0.0  0.0  0.0  0.0  0.0  0.0  0.0  0.0  0.0  0.0  0.0  0.0  0.0  0.0  0.0  0.0  0.0  0.0  0.0  0.0  0.0  0.0  0.0  0.0  0.0  0.0  0.0  0.0  0.0  0.0  0.0  0.0  0.0  0.0  0.0  0.0  0.0  0.0  0.0  0.0  0.0  0.0  0.0  0.0  0.0  0.0  0.0  0.0  0.0  0.0  0.0  0.0  0.0  0.0  0.0  0.0  0.0  0.0  0.0  0.0  0.0  0.0  0.0  1.0   0.0   0.0   0.0   0.0   0.0   0.0   0.0   0.0   0.0   0.0   0.0   0.0   0.0   0.0   0.0   0.0   0.0   0.0   0.0   0.0   0.0   0.0   0.0   0.0   0.0   0.0   0.0   0.0   0.0   0.0   0.0   0.0   0.0   0.0   0.0   0.0   0.0   0.0   0.0   0.0   0.0   0.0   0.0   0.0   0.0   0.0   0.0   0.0   0.0   0.0   0.0   0.0   0.0   0.0   0.0   0.0   0.0   0.0   0.0   0.0   0.0   0.0   0.0   0.0   0.0   0.0 -1.000089e-12
1533  0.0  0.0  0.0  0.0  0.0  0.0  0.0  0.0  0.0  0.0  0.0  0.0  0.0  0.0  0.0  0.0  0.0  0.0  0.0  0.0  0.0  0.0  0.0  0.0  0.0  0.0  0.0  0.0  0.0  0.0  0.0  0.0  0.0  0.0  0.0  0.0  0.0  0.0  0.0  0.0  0.0  0.0  0.0  0.0  0.0  0.0  0.0  0.0  0.0  0.0  0.0  0.0  0.0  0.0  0.0  0.0  0.0  0.0  0.0  0.0  0.0  0.0  0.0  0.0  0.0  0.0  0.0  0.0  0.0  0.0  0.0  0.0  0.0  0.0  0.0  0.0  0.0  0.0  0.0  0.0  0.0  0.0  0.0  0.0  0.0  0.0  0.0  0.0  0.0  0.0  0.0  0.0  0.0  0.0  0.0  0.0  0.0  0.0  0.0  0.0  0.0  0.0  0.0  0.0  0.0  0.0  0.0  0.0  0.0  0.0  0.0  0.0  0.0  0.0  0.0  0.0  0.0  0.0  0.0  0.0  0.0  0.0  0.0  0.0  0.0  0.0  0.0  0.0  0.0  0.0  0.0  0.0  0.0  0.0  0.0  0.0  0.0  0.0  0.0  0.0  0.0  0.0  0.0  0.0  0.0  0.0  0.0  0.0  0.0  0.0  0.0  0.0  0.0  0.0  0.0  0.0  0.0  0.0   0.0   0.0   0.0   0.0   0.0   0.0   0.0   0.0   0.0   0.0   0.0   0.0   0.0   0.0   0.0   0.0   0.0   1.0   0.0   0.0   0.0   0.0   0.0   0.0   0.0   0.0   0.0   0.0   0.0   0.0   0.0   0.0   0.0   0.0   0.0   0.0   0.0   0.0   0.0   0.0   0.0   0.0   0.0   0.0   0.0   0.0   0.0   0.0   0.0   0.0   0.0   0.0   0.0   0.0   0.0   0.0   0.0   0.0   0.0   0.0   0.0   0.0   0.0   0.0   0.0   0.0 -1.000089e-12
1534  0.0  0.0  0.0  0.0  0.0  0.0  0.0  0.0  0.0  0.0  0.0  0.0  0.0  0.0  0.0  0.0  0.0  0.0  0.0  0.0  0.0  0.0  0.0  0.0  0.0  0.0  0.0  0.0  0.0  0.0  0.0  0.0  0.0  0.0  0.0  0.0  0.0  0.0  0.0  0.0  0.0  0.0  0.0  0.0  0.0  0.0  0.0  0.0  0.0  0.0  0.0  0.0  0.0  0.0  0.0  0.0  0.0  0.0  0.0  0.0  0.0  0.0  0.0  0.0  0.0  0.0  0.0  0.0  0.0  0.0  0.0  0.0  0.0  0.0  0.0  0.0  0.0  0.0  0.0  0.0  0.0  0.0  0.0  0.0  0.0  0.0  0.0  0.0  0.0  0.0  0.0  0.0  0.0  0.0  0.0  0.0  0.0  0.0  0.0  0.0  0.0  0.0  0.0  0.0  0.0  0.0  0.0  0.0  0.0  0.0  0.0  0.0  0.0  0.0  0.0  0.0  0.0  0.0  0.0  0.0  0.0  0.0  0.0  0.0  0.0  0.0  0.0  0.0  0.0  0.0  0.0  0.0  0.0  0.0  0.0  0.0  0.0  0.0  0.0  0.0  0.0  0.0  0.0  0.0  0.0  0.0  0.0  0.0  0.0  0.0  0.0  0.0  0.0  0.0  0.0  0.0  0.0  0.0   0.0   0.0   0.0   0.0   0.0   0.0   0.0   0.0   0.0   0.0   0.0   0.0   0.0   0.0   0.0   0.0   0.0   1.0   0.0   0.0   0.0   0.0   0.0   0.0   0.0   0.0   0.0   0.0   0.0   0.0   0.0   0.0   0.0   0.0   0.0   0.0   0.0   0.0   0.0   0.0   0.0   0.0   0.0   0.0   0.0   0.0   0.0   0.0   0.0   0.0   0.0   0.0   0.0   0.0   0.0   0.0   0.0   0.0   0.0   0.0   0.0   0.0   0.0   0.0   0.0   0.0 -1.000089e-12
773   0.0  0.0  0.0  0.0  0.0  0.0  0.0  0.0  0.0  0.0  0.0  0.0  0.0  0.0  0.0  0.0  0.0  0.0  0.0  0.0  0.0  0.0  0.0  0.0  0.0  0.0  0.0  0.0  0.0  0.0  0.0  0.0  0.0  0.0  0.0  0.0  0.0  0.0  0.0  0.0  0.0  0.0  0.0  0.0  0.0  0.0  0.0  0.0  0.0  0.0  0.0  0.0  0.0  0.0  0.0  0.0  0.0  0.0  0.0  0.0  0.0  0.0  0.0  0.0  0.0  0.0  0.0  0.0  0.0  0.0  0.0  0.0  0.0  0.0  0.0  0.0  0.0  0.0  0.0  0.0  0.0  0.0  0.0  0.0  0.0  0.0  0.0  0.0  0.0  0.0  0.0  0.0  0.0  0.0  0.0  0.0  0.0  0.0  0.0  0.0  0.0  0.0  0.0  0.0  0.0  0.0  0.0  0.0  0.0  0.0  0.0  0.0  0.0  0.0  0.0  0.0  0.0  0.0  0.0  0.0  0.0  0.0  0.0  0.0  0.0  0.0  0.0  0.0  0.0  0.0  0.0  0.0  0.0  0.0  0.0  0.0  0.0  0.0  0.0  0.0  0.0  0.0  0.0  0.0  0.0  0.0  0.0  0.0  0.0  0.0  0.0  0.0  0.0  0.0  0.0  0.0  0.0  1.0   0.0   0.0   0.0   0.0   0.0   0.0   0.0   0.0   0.0   0.0   0.0   0.0   0.0   0.0   0.0   0.0   0.0   0.0   0.0   0.0   0.0   0.0   0.0   0.0   0.0   0.0   0.0   0.0   0.0   0.0   0.0   0.0   0.0   0.0   0.0   0.0   0.0   0.0   0.0   0.0   0.0   0.0   0.0   0.0   0.0   0.0   0.0   0.0   0.0   0.0   0.0   0.0   0.0   0.0   0.0   0.0   0.0   0.0   0.0   0.0   0.0   0.0   0.0   0.0   0.0   0.0 -1.000089e-12
1531  0.0  0.0  0.0  0.0  0.0  0.0  0.0  0.0  0.0  0.0  0.0  0.0  0.0  0.0  0.0  0.0  0.0  0.0  0.0  0.0  0.0  0.0  0.0  0.0  0.0  0.0  0.0  0.0  0.0  0.0  0.0  0.0  0.0  0.0  0.0  0.0  0.0  0.0  0.0  0.0  0.0  0.0  0.0  0.0  0.0  0.0  0.0  0.0  0.0  0.0  0.0  0.0  0.0  0.0  0.0  0.0  0.0  0.0  0.0  0.0  0.0  0.0  0.0  0.0  0.0  0.0  0.0  0.0  0.0  0.0  0.0  0.0  0.0  0.0  0.0  0.0  0.0  0.0  0.0  0.0  0.0  0.0  0.0  0.0  0.0  0.0  0.0  0.0  0.0  0.0  0.0  0.0  0.0  0.0  0.0  0.0  0.0  0.0  0.0  0.0  0.0  0.0  0.0  0.0  0.0  0.0  0.0  0.0  0.0  0.0  0.0  0.0  0.0  0.0  0.0  0.0  0.0  0.0  0.0  0.0  0.0  0.0  0.0  0.0  0.0  0.0  0.0  0.0  0.0  0.0  0.0  0.0  0.0  0.0  0.0  0.0  0.0  0.0  0.0  0.0  0.0  0.0  0.0  0.0  0.0  0.0  0.0  0.0  0.0  0.0  0.0  0.0  0.0  0.0  0.0  0.0  0.0  0.0   0.0   0.0   0.0   0.0   0.0   0.0   0.0   0.0   0.0   0.0   0.0   0.0   0.0   0.0   0.0   0.0   0.0   1.0   0.0   0.0   0.0   0.0   0.0   0.0   0.0   0.0   0.0   0.0   0.0   0.0   0.0   0.0   0.0   0.0   0.0   0.0   0.0   0.0   0.0   0.0   0.0   0.0   0.0   0.0   0.0   0.0   0.0   0.0   0.0   0.0   0.0   0.0   0.0   0.0   0.0   0.0   0.0   0.0   0.0   0.0   0.0   0.0   0.0   0.0   0.0   0.0 -1.000089e-12
772   0.0  0.0  0.0  0.0  0.0  0.0  0.0  0.0  0.0  0.0  0.0  0.0  0.0  0.0  0.0  0.0  0.0  0.0  0.0  0.0  0.0  0.0  0.0  0.0  0.0  0.0  0.0  0.0  0.0  0.0  0.0  0.0  0.0  0.0  0.0  0.0  0.0  0.0  0.0  0.0  0.0  0.0  0.0  0.0  0.0  0.0  0.0  0.0  0.0  0.0  0.0  0.0  0.0  0.0  0.0  0.0  0.0  0.0  0.0  0.0  0.0  0.0  0.0  0.0  0.0  0.0  0.0  0.0  0.0  0.0  0.0  0.0  0.0  0.0  0.0  0.0  0.0  0.0  0.0  0.0  0.0  0.0  0.0  0.0  0.0  0.0  0.0  0.0  0.0  0.0  0.0  0.0  0.0  0.0  0.0  0.0  0.0  0.0  0.0  0.0  0.0  0.0  0.0  0.0  0.0  0.0  0.0  0.0  0.0  0.0  0.0  0.0  0.0  0.0  0.0  0.0  0.0  0.0  0.0  0.0  0.0  0.0  0.0  0.0  0.0  0.0  0.0  0.0  0.0  0.0  0.0  0.0  0.0  0.0  0.0  0.0  0.0  0.0  0.0  0.0  0.0  0.0  0.0  0.0  0.0  0.0  0.0  0.0  0.0  0.0  0.0  0.0  0.0  0.0  0.0  0.0  0.0  1.0   0.0   0.0   0.0   0.0   0.0   0.0   0.0   0.0   0.0   0.0   0.0   0.0   0.0   0.0   0.0   0.0   0.0   0.0   0.0   0.0   0.0   0.0   0.0   0.0   0.0   0.0   0.0   0.0   0.0   0.0   0.0   0.0   0.0   0.0   0.0   0.0   0.0   0.0   0.0   0.0   0.0   0.0   0.0   0.0   0.0   0.0   0.0   0.0   0.0   0.0   0.0   0.0   0.0   0.0   0.0   0.0   0.0   0.0   0.0   0.0   0.0   0.0   0.0   0.0   0.0   0.0 -1.000089e-12
1589  0.0  0.0  0.0  0.0  0.0  0.0  0.0  0.0  0.0  0.0  0.0  0.0  0.0  0.0  0.0  0.0  0.0  0.0  0.0  0.0  0.0  0.0  0.0  0.0  0.0  0.0  0.0  0.0  0.0  0.0  0.0  0.0  0.0  0.0  0.0  0.0  0.0  0.0  0.0  0.0  0.0  0.0  0.0  0.0  0.0  0.0  0.0  0.0  0.0  0.0  0.0  0.0  0.0  0.0  0.0  0.0  0.0  0.0  0.0  0.0  0.0  0.0  0.0  0.0  0.0  0.0  0.0  0.0  0.0  0.0  0.0  0.0  0.0  0.0  0.0  0.0  0.0  0.0  0.0  0.0  0.0  0.0  0.0  0.0  0.0  0.0  0.0  0.0  0.0  0.0  0.0  0.0  0.0  0.0  0.0  0.0  0.0  0.0  0.0  0.0  0.0  0.0  0.0  0.0  0.0  0.0  0.0  0.0  0.0  0.0  0.0  0.0  0.0  0.0  0.0  0.0  0.0  0.0  0.0  0.0  0.0  0.0  0.0  0.0  0.0  0.0  0.0  0.0  0.0  0.0  0.0  0.0  0.0  0.0  0.0  0.0  0.0  0.0  0.0  0.0  0.0  0.0  0.0  0.0  0.0  0.0  0.0  0.0  0.0  0.0  0.0  0.0  0.0  0.0  0.0  0.0  0.0  0.0   0.0   0.0   0.0   0.0   0.0   0.0   0.0   0.0   0.0   0.0   0.0   0.0   0.0   0.0   0.0   0.0   0.0   0.0   0.0   0.0   0.0   0.0   0.0   0.0   0.0   0.0   0.0   0.0   0.0   0.0   0.0   0.0   0.0   0.0   0.0   0.0   0.0   0.0   0.0   0.0   0.0   0.0   0.0   0.0   0.0   0.0   0.0   0.0   1.0   0.0   0.0   0.0   0.0   0.0   0.0   0.0   0.0   0.0   0.0   0.0   0.0   0.0   0.0   0.0   0.0   0.0 -1.000089e-12
1530  0.0  0.0  0.0  0.0  0.0  0.0  0.0  0.0  0.0  0.0  0.0  0.0  0.0  0.0  0.0  0.0  0.0  0.0  0.0  0.0  0.0  0.0  0.0  0.0  0.0  0.0  0.0  0.0  0.0  0.0  0.0  0.0  0.0  0.0  0.0  0.0  0.0  0.0  0.0  0.0  0.0  0.0  0.0  0.0  0.0  0.0  0.0  0.0  0.0  0.0  0.0  0.0  0.0  0.0  0.0  0.0  0.0  0.0  0.0  0.0  0.0  0.0  0.0  0.0  0.0  0.0  0.0  0.0  0.0  0.0  0.0  0.0  0.0  0.0  0.0  0.0  0.0  0.0  0.0  0.0  0.0  0.0  0.0  0.0  0.0  0.0  0.0  0.0  0.0  0.0  0.0  0.0  0.0  0.0  0.0  0.0  0.0  0.0  0.0  0.0  0.0  0.0  0.0  0.0  0.0  0.0  0.0  0.0  0.0  0.0  0.0  0.0  0.0  0.0  0.0  0.0  0.0  0.0  0.0  0.0  0.0  0.0  0.0  0.0  0.0  0.0  0.0  0.0  0.0  0.0  0.0  0.0  0.0  0.0  0.0  0.0  0.0  0.0  0.0  0.0  0.0  0.0  0.0  0.0  0.0  0.0  0.0  0.0  0.0  0.0  0.0  0.0  0.0  0.0  0.0  0.0  0.0  0.0   0.0   0.0   0.0   0.0   0.0   0.0   0.0   0.0   0.0   0.0   0.0   0.0   0.0   0.0   0.0   0.0   0.0   1.0   0.0   0.0   0.0   0.0   0.0   0.0   0.0   0.0   0.0   0.0   0.0   0.0   0.0   0.0   0.0   0.0   0.0   0.0   0.0   0.0   0.0   0.0   0.0   0.0   0.0   0.0   0.0   0.0   0.0   0.0   0.0   0.0   0.0   0.0   0.0   0.0   0.0   0.0   0.0   0.0   0.0   0.0   0.0   0.0   0.0   0.0   0.0   0.0 -1.000089e-12
