Construct: APL

Matrix shape: (1746, 92) (transient nodes x absorbing nodes)

Example absorption profile (first row):
799    0.001394
800    0.000093
801    0.000073
802    0.000072
803    0.000026
804    0.000026
805    0.000026
806    0.002188
807    0.002378
808    0.002041
809    0.001754
810    0.001638
811    0.001564
812    0.005360
813    0.002400
814    0.002281
815    0.003626
816    0.006617
817    0.003977
818    0.000775
819    0.001298
820    0.002203
821    0.000822
822    0.002630
823    0.000143
824    0.000286
825    0.007412
826    0.004706
827    0.006566
828    0.002405
829    0.004956
830    0.004299
831    0.003808
832    0.003728
833    0.001987
834    0.000693
835    0.000130
836    0.002897
837    0.002190
838    0.023887
839    0.023633
840    0.009115
841    0.007781
842    0.003048
843    0.001218
844    0.000411
845    0.000031
846    0.000068
847    0.016804
848    0.011631
849    0.028692
850    0.000000
851    0.000000
852    0.016183
853    0.012308
854    0.002189
855    0.000000
856    0.000000
857    0.018997
858    0.030887
859    0.045967
860    0.023997
861    0.052301
862    0.043235
863    0.032128
864    0.033445
865    0.027356
866    0.028684
867    0.024063
868    0.002878
869    0.000509
870    0.000966
871    0.000000
872    0.012771
873    0.011266
874    0.034578
875    0.027466
876    0.000000
877    0.000000
878    0.000000
879    0.000000
880    0.000000
881    0.000643
882    0.000000
883    0.026073
884    0.045335
885    0.037243
886    0.067393
887    0.065903
888    0.056805
889    0.000643
890    0.000000

Absorbing state influence (normalized):
886    0.056031
887    0.055218
888    0.047473
861    0.045359
859    0.038502
884    0.037910
862    0.036985
885    0.031574
874    0.031216
864    0.029031
863    0.027393
858    0.026128
875    0.025267
849    0.024676
866    0.024405
860    0.023570
865    0.023476
883    0.022034
816    0.022016
838    0.021496
867    0.021352
839    0.021042
812    0.017706
857    0.016443
847    0.014862
852    0.014429
817    0.013575
853    0.011130
872    0.011128
815    0.010974
873    0.010511
848    0.010106
840    0.009165
837    0.008130
841    0.007989
825    0.007214
832    0.007062
827    0.006930
813    0.006764
814    0.006387
836    0.006353
829    0.006175
822    0.006042
831    0.005692
830    0.005483
807    0.005442
843    0.005202
842    0.005183
806    0.004827
826    0.004607
808    0.004521
833    0.004172
809    0.003849
868    0.003609
810    0.003597
811    0.003433
820    0.003346
799    0.003274
844    0.003197
828    0.002957
819    0.002845
854    0.002601
869    0.002180
834    0.002180
821    0.002064
870    0.002053
818    0.001787
845    0.001491
835    0.001448
881    0.001030
889    0.000788
801    0.000730
802    0.000722
824    0.000686
856    0.000630
855    0.000621
882    0.000422
800    0.000412
890    0.000377
823    0.000344
803    0.000270
804    0.000269
805    0.000266
846    0.000163
878    0.000000
877    0.000000
880    0.000000
876    0.000000
871    0.000000
850    0.000000
851    0.000000
879    0.000000

Top 10 most certain transient nodes (lowest entropy):
      799  800  801  802  803  804  805  806  807  808  809  810  811  812  813  814  815  816  817  818  819  820  821  822  823  824  825  826  827  828  829  830  831       832       833       834       835  836  837  838  839  840  841       842  843       844       845  846  847  848  849  850  851  852  853  854  855  856  857  858  859  860  861  862  863  864  865  866  867  868  869  870  871  872  873  874  875  876  877  878  879  880  881  882  883  884  885  886  887  888  889  890       entropy
1217  0.0  0.0  0.0  0.0  0.0  0.0  0.0  0.0  0.0  0.0  0.0  0.0  0.0  0.0  0.0  0.0  0.0  0.0  0.0  0.0  0.0  0.0  0.0  0.0  0.0  0.0  0.0  0.0  0.0  0.0  0.0  0.0  0.0  0.000000  0.000000  0.000000  0.000000  0.0  0.0  0.0  0.0  0.0  0.0  0.000000  0.0  0.000000  0.000000  0.0  0.0  0.0  0.0  0.0  0.0  0.0  0.0  0.0  0.0  0.0  0.0  0.0  0.0  1.0  0.0  0.0  0.0  0.0  0.0  0.0  0.0  0.0  0.0  0.0  0.0  0.0  0.0  0.0  0.0  0.0  0.0  0.0  0.0  0.0  0.0  0.0  0.0  0.0  0.0  0.0  0.0  0.0  0.0  0.0 -1.000089e-12
1218  0.0  0.0  0.0  0.0  0.0  0.0  0.0  0.0  0.0  0.0  0.0  0.0  0.0  0.0  0.0  0.0  0.0  0.0  0.0  0.0  0.0  0.0  0.0  0.0  0.0  0.0  0.0  0.0  0.0  0.0  0.0  0.0  0.0  0.000000  0.000000  0.000000  0.000000  0.0  0.0  0.0  0.0  0.0  0.0  0.000000  0.0  0.000000  0.000000  0.0  0.0  0.0  0.0  0.0  0.0  0.0  0.0  0.0  0.0  0.0  0.0  0.0  0.0  1.0  0.0  0.0  0.0  0.0  0.0  0.0  0.0  0.0  0.0  0.0  0.0  0.0  0.0  0.0  0.0  0.0  0.0  0.0  0.0  0.0  0.0  0.0  0.0  0.0  0.0  0.0  0.0  0.0  0.0  0.0 -1.000089e-12
1258  0.0  0.0  0.0  0.0  0.0  0.0  0.0  0.0  0.0  0.0  0.0  0.0  0.0  0.0  0.0  0.0  0.0  0.0  0.0  0.0  0.0  0.0  0.0  0.0  0.0  0.0  0.0  0.0  0.0  0.0  0.0  0.0  0.0  0.000000  0.000000  0.000000  1.000000  0.0  0.0  0.0  0.0  0.0  0.0  0.000000  0.0  0.000000  0.000000  0.0  0.0  0.0  0.0  0.0  0.0  0.0  0.0  0.0  0.0  0.0  0.0  0.0  0.0  0.0  0.0  0.0  0.0  0.0  0.0  0.0  0.0  0.0  0.0  0.0  0.0  0.0  0.0  0.0  0.0  0.0  0.0  0.0  0.0  0.0  0.0  0.0  0.0  0.0  0.0  0.0  0.0  0.0  0.0  0.0 -1.000089e-12
1283  0.0  0.0  0.0  0.0  0.0  0.0  0.0  0.0  0.0  0.0  0.0  0.0  0.0  0.0  0.0  0.0  0.0  0.0  0.0  0.0  0.0  0.0  0.0  0.0  0.0  0.0  0.0  0.0  0.0  0.0  0.0  0.0  0.0  0.000000  0.000000  0.000000  0.000000  0.0  0.0  0.0  0.0  0.0  0.0  0.000000  0.0  0.000000  1.000000  0.0  0.0  0.0  0.0  0.0  0.0  0.0  0.0  0.0  0.0  0.0  0.0  0.0  0.0  0.0  0.0  0.0  0.0  0.0  0.0  0.0  0.0  0.0  0.0  0.0  0.0  0.0  0.0  0.0  0.0  0.0  0.0  0.0  0.0  0.0  0.0  0.0  0.0  0.0  0.0  0.0  0.0  0.0  0.0  0.0 -1.000089e-12
1253  0.0  0.0  0.0  0.0  0.0  0.0  0.0  0.0  0.0  0.0  0.0  0.0  0.0  0.0  0.0  0.0  0.0  0.0  0.0  0.0  0.0  0.0  0.0  0.0  0.0  0.0  0.0  0.0  0.0  0.0  0.0  0.0  0.0  0.000000  0.421853  0.000000  0.578147  0.0  0.0  0.0  0.0  0.0  0.0  0.000000  0.0  0.000000  0.000000  0.0  0.0  0.0  0.0  0.0  0.0  0.0  0.0  0.0  0.0  0.0  0.0  0.0  0.0  0.0  0.0  0.0  0.0  0.0  0.0  0.0  0.0  0.0  0.0  0.0  0.0  0.0  0.0  0.0  0.0  0.0  0.0  0.0  0.0  0.0  0.0  0.0  0.0  0.0  0.0  0.0  0.0  0.0  0.0  0.0  6.808832e-01
1246  0.0  0.0  0.0  0.0  0.0  0.0  0.0  0.0  0.0  0.0  0.0  0.0  0.0  0.0  0.0  0.0  0.0  0.0  0.0  0.0  0.0  0.0  0.0  0.0  0.0  0.0  0.0  0.0  0.0  0.0  0.0  0.0  0.0  0.427243  0.000000  0.572757  0.000000  0.0  0.0  0.0  0.0  0.0  0.0  0.000000  0.0  0.000000  0.000000  0.0  0.0  0.0  0.0  0.0  0.0  0.0  0.0  0.0  0.0  0.0  0.0  0.0  0.0  0.0  0.0  0.0  0.0  0.0  0.0  0.0  0.0  0.0  0.0  0.0  0.0  0.0  0.0  0.0  0.0  0.0  0.0  0.0  0.0  0.0  0.0  0.0  0.0  0.0  0.0  0.0  0.0  0.0  0.0  0.0  6.825222e-01
1281  0.0  0.0  0.0  0.0  0.0  0.0  0.0  0.0  0.0  0.0  0.0  0.0  0.0  0.0  0.0  0.0  0.0  0.0  0.0  0.0  0.0  0.0  0.0  0.0  0.0  0.0  0.0  0.0  0.0  0.0  0.0  0.0  0.0  0.000000  0.000000  0.000000  0.000000  0.0  0.0  0.0  0.0  0.0  0.0  0.000000  0.0  0.445494  0.554506  0.0  0.0  0.0  0.0  0.0  0.0  0.0  0.0  0.0  0.0  0.0  0.0  0.0  0.0  0.0  0.0  0.0  0.0  0.0  0.0  0.0  0.0  0.0  0.0  0.0  0.0  0.0  0.0  0.0  0.0  0.0  0.0  0.0  0.0  0.0  0.0  0.0  0.0  0.0  0.0  0.0  0.0  0.0  0.0  0.0  6.871936e-01
1282  0.0  0.0  0.0  0.0  0.0  0.0  0.0  0.0  0.0  0.0  0.0  0.0  0.0  0.0  0.0  0.0  0.0  0.0  0.0  0.0  0.0  0.0  0.0  0.0  0.0  0.0  0.0  0.0  0.0  0.0  0.0  0.0  0.0  0.000000  0.000000  0.000000  0.000000  0.0  0.0  0.0  0.0  0.0  0.0  0.000000  0.0  0.461484  0.538516  0.0  0.0  0.0  0.0  0.0  0.0  0.0  0.0  0.0  0.0  0.0  0.0  0.0  0.0  0.0  0.0  0.0  0.0  0.0  0.0  0.0  0.0  0.0  0.0  0.0  0.0  0.0  0.0  0.0  0.0  0.0  0.0  0.0  0.0  0.0  0.0  0.0  0.0  0.0  0.0  0.0  0.0  0.0  0.0  0.0  6.901772e-01
1248  0.0  0.0  0.0  0.0  0.0  0.0  0.0  0.0  0.0  0.0  0.0  0.0  0.0  0.0  0.0  0.0  0.0  0.0  0.0  0.0  0.0  0.0  0.0  0.0  0.0  0.0  0.0  0.0  0.0  0.0  0.0  0.0  0.0  0.291271  0.303605  0.000000  0.405123  0.0  0.0  0.0  0.0  0.0  0.0  0.000000  0.0  0.000000  0.000000  0.0  0.0  0.0  0.0  0.0  0.0  0.0  0.0  0.0  0.0  0.0  0.0  0.0  0.0  0.0  0.0  0.0  0.0  0.0  0.0  0.0  0.0  0.0  0.0  0.0  0.0  0.0  0.0  0.0  0.0  0.0  0.0  0.0  0.0  0.0  0.0  0.0  0.0  0.0  0.0  0.0  0.0  0.0  0.0  0.0  1.087244e+00
1257  0.0  0.0  0.0  0.0  0.0  0.0  0.0  0.0  0.0  0.0  0.0  0.0  0.0  0.0  0.0  0.0  0.0  0.0  0.0  0.0  0.0  0.0  0.0  0.0  0.0  0.0  0.0  0.0  0.0  0.0  0.0  0.0  0.0  0.328727  0.000000  0.353899  0.000000  0.0  0.0  0.0  0.0  0.0  0.0  0.317374  0.0  0.000000  0.000000  0.0  0.0  0.0  0.0  0.0  0.0  0.0  0.0  0.0  0.0  0.0  0.0  0.0  0.0  0.0  0.0  0.0  0.0  0.0  0.0  0.0  0.0  0.0  0.0  0.0  0.0  0.0  0.0  0.0  0.0  0.0  0.0  0.0  0.0  0.0  0.0  0.0  0.0  0.0  0.0  0.0  0.0  0.0  0.0  0.0  1.097570e+00
