Construct: P

Matrix shape: (1638, 224) (transient nodes x absorbing nodes)

Example absorption profile (first row):
517     6.245442e-03
518     2.295835e-03
519     2.283123e-03
520     2.311090e-03
521     2.128033e-03
522     0.000000e+00
523     0.000000e+00
524     0.000000e+00
525     0.000000e+00
526     0.000000e+00
527     0.000000e+00
528     0.000000e+00
529     0.000000e+00
530     0.000000e+00
531     0.000000e+00
532     8.652426e-02
533     9.307283e-02
534     9.258438e-02
535     5.319552e-02
536     9.015880e-02
537     3.935974e-03
538     0.000000e+00
618     1.552593e-03
619     1.522459e-03
620     8.452795e-04
621     1.042326e-03
622     9.130031e-04
623     6.522347e-04
624     2.404481e-04
625     0.000000e+00
626     0.000000e+00
627     0.000000e+00
628     0.000000e+00
629     0.000000e+00
630     0.000000e+00
631     0.000000e+00
632     0.000000e+00
633     1.764737e-04
634     1.648313e-04
635     1.764737e-04
636     1.638101e-04
637     0.000000e+00
638     0.000000e+00
639     0.000000e+00
640     0.000000e+00
641     0.000000e+00
642     0.000000e+00
643     0.000000e+00
644     0.000000e+00
645     0.000000e+00
646     0.000000e+00
647     0.000000e+00
648     0.000000e+00
649     0.000000e+00
650     0.000000e+00
651     0.000000e+00
652     0.000000e+00
653     0.000000e+00
654     0.000000e+00
655     0.000000e+00
656     0.000000e+00
657     0.000000e+00
658     0.000000e+00
659     0.000000e+00
660     0.000000e+00
661     0.000000e+00
662     0.000000e+00
663     0.000000e+00
664     0.000000e+00
665     0.000000e+00
666     0.000000e+00
667     0.000000e+00
668     0.000000e+00
669     0.000000e+00
670     0.000000e+00
671     0.000000e+00
672     0.000000e+00
673     0.000000e+00
674     0.000000e+00
675     0.000000e+00
676     0.000000e+00
677     0.000000e+00
678     0.000000e+00
679     0.000000e+00
680     0.000000e+00
681     0.000000e+00
682     0.000000e+00
683     0.000000e+00
684     0.000000e+00
685     0.000000e+00
686     0.000000e+00
687     0.000000e+00
688     0.000000e+00
689     0.000000e+00
690     0.000000e+00
691     0.000000e+00
692     0.000000e+00
693     0.000000e+00
694     0.000000e+00
695     0.000000e+00
696     0.000000e+00
697     0.000000e+00
698     0.000000e+00
699     0.000000e+00
700     0.000000e+00
701     0.000000e+00
702     0.000000e+00
703     0.000000e+00
704     0.000000e+00
705     0.000000e+00
706     0.000000e+00
707     0.000000e+00
708     0.000000e+00
709     0.000000e+00
710     0.000000e+00
711     0.000000e+00
712     2.378382e-02
713     0.000000e+00
714     5.558443e-02
715     3.836390e-02
716     4.423816e-02
717     5.568930e-02
718     0.000000e+00
719     0.000000e+00
720     0.000000e+00
721     0.000000e+00
722     0.000000e+00
723     0.000000e+00
724     0.000000e+00
725     0.000000e+00
726     0.000000e+00
727     0.000000e+00
728     0.000000e+00
729     0.000000e+00
730     0.000000e+00
731     0.000000e+00
732     0.000000e+00
733     6.974784e-03
734     7.934277e-03
735     7.321863e-03
736     2.781214e-03
737     9.294829e-03
738     1.737729e-02
739     4.000864e-02
740     8.092555e-03
741     1.443558e-02
742     2.915272e-02
743     2.663355e-02
744     1.830277e-02
745     1.153886e-02
746     7.180086e-03
747     1.839834e-02
748     7.426319e-03
749     5.183100e-03
750     4.072844e-02
751     2.689995e-02
752     1.509106e-02
753     2.190960e-03
1511    2.079909e-03
1512    1.678297e-03
1513    1.665326e-03
1514    1.399924e-03
1515    1.346766e-03
1516    2.145806e-04
1517    2.186389e-04
1518    0.000000e+00
1519    0.000000e+00
1520    0.000000e+00
1521    0.000000e+00
1522    0.000000e+00
1523    0.000000e+00
1524    0.000000e+00
1525    0.000000e+00
1526    0.000000e+00
1527    0.000000e+00
1528    8.909606e-04
1529    6.742833e-04
1559    1.188748e-04
1560    1.416192e-04
1561    1.617992e-04
1562    8.114333e-05
1563    1.192936e-04
1564    9.590067e-05
1565    9.401340e-06
1566    0.000000e+00
1567    0.000000e+00
1568    0.000000e+00
1569    0.000000e+00
1570    0.000000e+00
1571    0.000000e+00
1572    0.000000e+00
1573    0.000000e+00
1574    0.000000e+00
1575    5.049782e-05
1576    6.259735e-05
1577    5.109350e-05
1578    4.396333e-05
1579    1.175946e-04
1580    1.542475e-04
1581    1.697389e-04
1582    5.021658e-05
1583    6.428610e-05
1584    1.119425e-05
1585    6.089699e-05
1586    1.304266e-04
1587    0.000000e+00
1588    0.000000e+00
1618    1.566321e-05
1619    6.298171e-05
1620    6.125369e-05
1621    1.100457e-06
1622    1.068524e-06
1623    1.131826e-05
1624    6.894564e-05
1625    1.383424e-05
1626    5.981642e-05
1627    8.698887e-04
1628    9.363492e-04
1629    6.937665e-04
1630    5.521646e-06
1631    9.622029e-07
1632    4.470251e-06
1633    1.614199e-03
1634    9.233870e-04

Absorbing state influence (normalized):
534     0.069789
533     0.068209
536     0.065375
532     0.061733
750     0.058876
742     0.044461
535     0.042682
747     0.035909
717     0.035245
714     0.035090
743     0.029079
716     0.028286
752     0.026687
739     0.025835
741     0.025811
715     0.024725
751     0.024210
744     0.021578
712     0.015968
749     0.015944
748     0.014762
746     0.013485
735     0.012774
734     0.011870
738     0.011592
745     0.010418
733     0.010335
1633    0.008723
1511    0.007679
737     0.007447
740     0.006539
1513    0.006395
1512    0.006218
1514    0.005666
1628    0.005369
736     0.005312
1515    0.005085
1634    0.004983
1627    0.004800
517     0.004543
753     0.004402
1629    0.004022
1528    0.003952
1529    0.003275
618     0.002969
619     0.002911
1580    0.002537
1581    0.002425
537     0.002271
1584    0.002165
538     0.001964
1560    0.001960
621     0.001959
1561    0.001898
1579    0.001741
520     0.001739
518     0.001728
1586    0.001726
519     0.001719
622     0.001672
521     0.001604
620     0.001599
1563    0.001476
1559    0.001376
1624    0.001365
623     0.001342
1625    0.001312
1619    0.001252
1564    0.001190
1583    0.001147
1630    0.001146
1618    0.001100
1620    0.001011
1626    0.000944
1576    0.000867
1562    0.000745
1517    0.000738
1516    0.000725
1577    0.000682
1623    0.000627
1582    0.000605
624     0.000586
1578    0.000574
1585    0.000543
1575    0.000470
635     0.000358
633     0.000358
634     0.000337
636     0.000335
1632    0.000199
1621    0.000167
1622    0.000163
1565    0.000112
1631    0.000110
1569    0.000033
1570    0.000033
1571    0.000033
1572    0.000033
1573    0.000033
1574    0.000033
1587    0.000033
1588    0.000033
730     0.000033
1568    0.000033
625     0.000033
626     0.000033
627     0.000033
628     0.000033
629     0.000033
630     0.000033
732     0.000033
531     0.000033
530     0.000033
1527    0.000033
1518    0.000033
1526    0.000033
1525    0.000033
1524    0.000033
1523    0.000033
1522    0.000033
1521    0.000033
1520    0.000033
1519    0.000033
1566    0.000033
529     0.000033
522     0.000033
523     0.000033
524     0.000033
525     0.000033
526     0.000033
1567    0.000033
527     0.000033
528     0.000033
731     0.000033
728     0.000033
729     0.000033
680     0.000033
660     0.000033
661     0.000033
662     0.000033
663     0.000033
664     0.000033
665     0.000033
666     0.000033
667     0.000033
668     0.000033
669     0.000033
670     0.000033
671     0.000033
672     0.000033
673     0.000033
674     0.000033
675     0.000033
676     0.000033
677     0.000033
678     0.000033
659     0.000033
658     0.000033
657     0.000033
646     0.000033
638     0.000033
639     0.000033
640     0.000033
641     0.000033
642     0.000033
643     0.000033
644     0.000033
645     0.000033
647     0.000033
656     0.000033
648     0.000033
649     0.000033
650     0.000033
651     0.000033
652     0.000033
653     0.000033
654     0.000033
655     0.000033
679     0.000033
681     0.000033
637     0.000033
682     0.000033
705     0.000033
706     0.000033
707     0.000033
709     0.000033
710     0.000033
711     0.000033
713     0.000033
632     0.000033
631     0.000033
718     0.000033
719     0.000033
720     0.000033
721     0.000033
722     0.000033
723     0.000033
724     0.000033
725     0.000033
726     0.000033
727     0.000033
704     0.000033
703     0.000033
702     0.000033
691     0.000033
683     0.000033
684     0.000033
685     0.000033
686     0.000033
687     0.000033
688     0.000033
689     0.000033
690     0.000033
692     0.000033
701     0.000033
693     0.000033
694     0.000033
695     0.000033
696     0.000033
697     0.000033
698     0.000033
699     0.000033
700     0.000033
708     0.000033

Top 10 most certain transient nodes (lowest entropy):
     517  518  519  520  521  522  523  524  525  526  527  528  529  530  531  532  533  534  535  536  537  538  618  619  620  621  622  623  624  625  626  627  628  629  630  631  632  633  634  635  636  637  638  639  640  641  642  643  644  645  646  647  648  649  650  651  652  653  654  655  656  657  658  659  660  661  662  663  664  665  666  667  668  669  670  671  672  673  674  675  676  677  678  679  680  681  682  683  684  685  686  687  688  689  690  691  692  693  694  695  696  697  698  699  700  701  702  703  704  705  706  707  708  709  710  711  712  713  714  715  716  717  718  719  720  721  722  723  724  725  726  727  728  729  730  731  732  733  734  735  736  737  738  739  740  741  742  743  744  745  746  747  748  749  750  751  752  753  1511  1512  1513  1514  1515  1516  1517  1518  1519  1520  1521  1522  1523  1524  1525  1526  1527  1528  1529  1559  1560  1561  1562  1563  1564  1565  1566  1567  1568  1569  1570  1571  1572  1573  1574  1575  1576  1577  1578  1579  1580  1581  1582  1583  1584  1585  1586  1587  1588  1618  1619  1620  1621  1622  1623  1624  1625  1626  1627  1628  1629  1630  1631  1632  1633  1634       entropy
780  0.0  0.0  0.0  0.0  0.0  0.0  0.0  0.0  0.0  0.0  0.0  0.0  0.0  0.0  0.0  0.0  0.0  0.0  0.0  0.0  0.0  0.0  0.0  0.0  0.0  0.0  0.0  0.0  0.0  0.0  0.0  0.0  0.0  0.0  0.0  0.0  0.0  0.0  0.0  0.0  0.0  0.0  0.0  0.0  0.0  0.0  0.0  0.0  0.0  0.0  0.0  0.0  0.0  0.0  0.0  0.0  0.0  0.0  0.0  0.0  0.0  0.0  0.0  0.0  0.0  0.0  0.0  0.0  0.0  0.0  0.0  0.0  0.0  0.0  0.0  0.0  0.0  0.0  0.0  0.0  0.0  0.0  0.0  0.0  0.0  0.0  0.0  0.0  0.0  0.0  0.0  0.0  0.0  0.0  0.0  0.0  0.0  0.0  0.0  0.0  0.0  0.0  0.0  0.0  0.0  0.0  0.0  0.0  0.0  0.0  0.0  0.0  0.0  0.0  0.0  0.0  0.0  0.0  0.0  0.0  0.0  0.0  0.0  0.0  0.0  0.0  0.0  0.0  0.0  0.0  0.0  0.0  0.0  0.0  0.0  0.0  0.0  0.0  0.0  0.0  0.0  0.0  0.0  0.0  0.0  0.0  0.0  0.0  0.0  0.0  0.0  0.0  0.0  1.0  0.0  0.0  0.0  0.0   0.0   0.0   0.0   0.0   0.0   0.0   0.0   0.0   0.0   0.0   0.0   0.0   0.0   0.0   0.0   0.0   0.0   0.0   0.0   0.0   0.0   0.0   0.0   0.0   0.0   0.0   0.0   0.0   0.0   0.0   0.0   0.0   0.0   0.0   0.0   0.0   0.0   0.0   0.0   0.0   0.0   0.0   0.0   0.0   0.0   0.0   0.0   0.0   0.0   0.0   0.0   0.0   0.0   0.0   0.0   0.0   0.0   0.0   0.0   0.0   0.0   0.0   0.0   0.0   0.0   0.0 -1.001865e-12
779  0.0  0.0  0.0  0.0  0.0  0.0  0.0  0.0  0.0  0.0  0.0  0.0  0.0  0.0  0.0  0.0  0.0  0.0  0.0  0.0  0.0  0.0  0.0  0.0  0.0  0.0  0.0  0.0  0.0  0.0  0.0  0.0  0.0  0.0  0.0  0.0  0.0  0.0  0.0  0.0  0.0  0.0  0.0  0.0  0.0  0.0  0.0  0.0  0.0  0.0  0.0  0.0  0.0  0.0  0.0  0.0  0.0  0.0  0.0  0.0  0.0  0.0  0.0  0.0  0.0  0.0  0.0  0.0  0.0  0.0  0.0  0.0  0.0  0.0  0.0  0.0  0.0  0.0  0.0  0.0  0.0  0.0  0.0  0.0  0.0  0.0  0.0  0.0  0.0  0.0  0.0  0.0  0.0  0.0  0.0  0.0  0.0  0.0  0.0  0.0  0.0  0.0  0.0  0.0  0.0  0.0  0.0  0.0  0.0  0.0  0.0  0.0  0.0  0.0  0.0  0.0  0.0  0.0  0.0  0.0  0.0  0.0  0.0  0.0  0.0  0.0  0.0  0.0  0.0  0.0  0.0  0.0  0.0  0.0  0.0  0.0  0.0  0.0  0.0  0.0  0.0  0.0  0.0  0.0  0.0  0.0  0.0  0.0  0.0  0.0  0.0  0.0  0.0  1.0  0.0  0.0  0.0  0.0   0.0   0.0   0.0   0.0   0.0   0.0   0.0   0.0   0.0   0.0   0.0   0.0   0.0   0.0   0.0   0.0   0.0   0.0   0.0   0.0   0.0   0.0   0.0   0.0   0.0   0.0   0.0   0.0   0.0   0.0   0.0   0.0   0.0   0.0   0.0   0.0   0.0   0.0   0.0   0.0   0.0   0.0   0.0   0.0   0.0   0.0   0.0   0.0   0.0   0.0   0.0   0.0   0.0   0.0   0.0   0.0   0.0   0.0   0.0   0.0   0.0   0.0   0.0   0.0   0.0   0.0 -1.001865e-12
777  0.0  0.0  0.0  0.0  0.0  0.0  0.0  0.0  0.0  0.0  0.0  0.0  0.0  0.0  0.0  0.0  0.0  0.0  0.0  0.0  0.0  0.0  0.0  0.0  0.0  0.0  0.0  0.0  0.0  0.0  0.0  0.0  0.0  0.0  0.0  0.0  0.0  0.0  0.0  0.0  0.0  0.0  0.0  0.0  0.0  0.0  0.0  0.0  0.0  0.0  0.0  0.0  0.0  0.0  0.0  0.0  0.0  0.0  0.0  0.0  0.0  0.0  0.0  0.0  0.0  0.0  0.0  0.0  0.0  0.0  0.0  0.0  0.0  0.0  0.0  0.0  0.0  0.0  0.0  0.0  0.0  0.0  0.0  0.0  0.0  0.0  0.0  0.0  0.0  0.0  0.0  0.0  0.0  0.0  0.0  0.0  0.0  0.0  0.0  0.0  0.0  0.0  0.0  0.0  0.0  0.0  0.0  0.0  0.0  0.0  0.0  0.0  0.0  0.0  0.0  0.0  0.0  0.0  0.0  0.0  0.0  0.0  0.0  0.0  0.0  0.0  0.0  0.0  0.0  0.0  0.0  0.0  0.0  0.0  0.0  0.0  0.0  0.0  0.0  0.0  0.0  0.0  0.0  0.0  0.0  0.0  0.0  0.0  0.0  0.0  0.0  0.0  0.0  1.0  0.0  0.0  0.0  0.0   0.0   0.0   0.0   0.0   0.0   0.0   0.0   0.0   0.0   0.0   0.0   0.0   0.0   0.0   0.0   0.0   0.0   0.0   0.0   0.0   0.0   0.0   0.0   0.0   0.0   0.0   0.0   0.0   0.0   0.0   0.0   0.0   0.0   0.0   0.0   0.0   0.0   0.0   0.0   0.0   0.0   0.0   0.0   0.0   0.0   0.0   0.0   0.0   0.0   0.0   0.0   0.0   0.0   0.0   0.0   0.0   0.0   0.0   0.0   0.0   0.0   0.0   0.0   0.0   0.0   0.0 -1.001865e-12
783  0.0  0.0  0.0  0.0  0.0  0.0  0.0  0.0  0.0  0.0  0.0  0.0  0.0  0.0  0.0  0.0  0.0  0.0  0.0  0.0  0.0  0.0  0.0  0.0  0.0  0.0  0.0  0.0  0.0  0.0  0.0  0.0  0.0  0.0  0.0  0.0  0.0  0.0  0.0  0.0  0.0  0.0  0.0  0.0  0.0  0.0  0.0  0.0  0.0  0.0  0.0  0.0  0.0  0.0  0.0  0.0  0.0  0.0  0.0  0.0  0.0  0.0  0.0  0.0  0.0  0.0  0.0  0.0  0.0  0.0  0.0  0.0  0.0  0.0  0.0  0.0  0.0  0.0  0.0  0.0  0.0  0.0  0.0  0.0  0.0  0.0  0.0  0.0  0.0  0.0  0.0  0.0  0.0  0.0  0.0  0.0  0.0  0.0  0.0  0.0  0.0  0.0  0.0  0.0  0.0  0.0  0.0  0.0  0.0  0.0  0.0  0.0  0.0  0.0  0.0  0.0  0.0  0.0  0.0  0.0  0.0  0.0  0.0  0.0  0.0  0.0  0.0  0.0  0.0  0.0  0.0  0.0  0.0  0.0  0.0  0.0  0.0  0.0  0.0  0.0  0.0  0.0  0.0  0.0  0.0  0.0  0.0  0.0  0.0  0.0  0.0  0.0  0.0  1.0  0.0  0.0  0.0  0.0   0.0   0.0   0.0   0.0   0.0   0.0   0.0   0.0   0.0   0.0   0.0   0.0   0.0   0.0   0.0   0.0   0.0   0.0   0.0   0.0   0.0   0.0   0.0   0.0   0.0   0.0   0.0   0.0   0.0   0.0   0.0   0.0   0.0   0.0   0.0   0.0   0.0   0.0   0.0   0.0   0.0   0.0   0.0   0.0   0.0   0.0   0.0   0.0   0.0   0.0   0.0   0.0   0.0   0.0   0.0   0.0   0.0   0.0   0.0   0.0   0.0   0.0   0.0   0.0   0.0   0.0 -1.001643e-12
782  0.0  0.0  0.0  0.0  0.0  0.0  0.0  0.0  0.0  0.0  0.0  0.0  0.0  0.0  0.0  0.0  0.0  0.0  0.0  0.0  0.0  0.0  0.0  0.0  0.0  0.0  0.0  0.0  0.0  0.0  0.0  0.0  0.0  0.0  0.0  0.0  0.0  0.0  0.0  0.0  0.0  0.0  0.0  0.0  0.0  0.0  0.0  0.0  0.0  0.0  0.0  0.0  0.0  0.0  0.0  0.0  0.0  0.0  0.0  0.0  0.0  0.0  0.0  0.0  0.0  0.0  0.0  0.0  0.0  0.0  0.0  0.0  0.0  0.0  0.0  0.0  0.0  0.0  0.0  0.0  0.0  0.0  0.0  0.0  0.0  0.0  0.0  0.0  0.0  0.0  0.0  0.0  0.0  0.0  0.0  0.0  0.0  0.0  0.0  0.0  0.0  0.0  0.0  0.0  0.0  0.0  0.0  0.0  0.0  0.0  0.0  0.0  0.0  0.0  0.0  0.0  0.0  0.0  0.0  0.0  0.0  0.0  0.0  0.0  0.0  0.0  0.0  0.0  0.0  0.0  0.0  0.0  0.0  0.0  0.0  0.0  0.0  0.0  0.0  0.0  0.0  0.0  0.0  0.0  0.0  0.0  0.0  0.0  0.0  0.0  0.0  0.0  0.0  1.0  0.0  0.0  0.0  0.0   0.0   0.0   0.0   0.0   0.0   0.0   0.0   0.0   0.0   0.0   0.0   0.0   0.0   0.0   0.0   0.0   0.0   0.0   0.0   0.0   0.0   0.0   0.0   0.0   0.0   0.0   0.0   0.0   0.0   0.0   0.0   0.0   0.0   0.0   0.0   0.0   0.0   0.0   0.0   0.0   0.0   0.0   0.0   0.0   0.0   0.0   0.0   0.0   0.0   0.0   0.0   0.0   0.0   0.0   0.0   0.0   0.0   0.0   0.0   0.0   0.0   0.0   0.0   0.0   0.0   0.0 -1.001643e-12
781  0.0  0.0  0.0  0.0  0.0  0.0  0.0  0.0  0.0  0.0  0.0  0.0  0.0  0.0  0.0  0.0  0.0  0.0  0.0  0.0  0.0  0.0  0.0  0.0  0.0  0.0  0.0  0.0  0.0  0.0  0.0  0.0  0.0  0.0  0.0  0.0  0.0  0.0  0.0  0.0  0.0  0.0  0.0  0.0  0.0  0.0  0.0  0.0  0.0  0.0  0.0  0.0  0.0  0.0  0.0  0.0  0.0  0.0  0.0  0.0  0.0  0.0  0.0  0.0  0.0  0.0  0.0  0.0  0.0  0.0  0.0  0.0  0.0  0.0  0.0  0.0  0.0  0.0  0.0  0.0  0.0  0.0  0.0  0.0  0.0  0.0  0.0  0.0  0.0  0.0  0.0  0.0  0.0  0.0  0.0  0.0  0.0  0.0  0.0  0.0  0.0  0.0  0.0  0.0  0.0  0.0  0.0  0.0  0.0  0.0  0.0  0.0  0.0  0.0  0.0  0.0  0.0  0.0  0.0  0.0  0.0  0.0  0.0  0.0  0.0  0.0  0.0  0.0  0.0  0.0  0.0  0.0  0.0  0.0  0.0  0.0  0.0  0.0  0.0  0.0  0.0  0.0  0.0  0.0  0.0  0.0  0.0  0.0  0.0  0.0  0.0  0.0  0.0  1.0  0.0  0.0  0.0  0.0   0.0   0.0   0.0   0.0   0.0   0.0   0.0   0.0   0.0   0.0   0.0   0.0   0.0   0.0   0.0   0.0   0.0   0.0   0.0   0.0   0.0   0.0   0.0   0.0   0.0   0.0   0.0   0.0   0.0   0.0   0.0   0.0   0.0   0.0   0.0   0.0   0.0   0.0   0.0   0.0   0.0   0.0   0.0   0.0   0.0   0.0   0.0   0.0   0.0   0.0   0.0   0.0   0.0   0.0   0.0   0.0   0.0   0.0   0.0   0.0   0.0   0.0   0.0   0.0   0.0   0.0 -1.001643e-12
778  0.0  0.0  0.0  0.0  0.0  0.0  0.0  0.0  0.0  0.0  0.0  0.0  0.0  0.0  0.0  0.0  0.0  0.0  0.0  0.0  0.0  0.0  0.0  0.0  0.0  0.0  0.0  0.0  0.0  0.0  0.0  0.0  0.0  0.0  0.0  0.0  0.0  0.0  0.0  0.0  0.0  0.0  0.0  0.0  0.0  0.0  0.0  0.0  0.0  0.0  0.0  0.0  0.0  0.0  0.0  0.0  0.0  0.0  0.0  0.0  0.0  0.0  0.0  0.0  0.0  0.0  0.0  0.0  0.0  0.0  0.0  0.0  0.0  0.0  0.0  0.0  0.0  0.0  0.0  0.0  0.0  0.0  0.0  0.0  0.0  0.0  0.0  0.0  0.0  0.0  0.0  0.0  0.0  0.0  0.0  0.0  0.0  0.0  0.0  0.0  0.0  0.0  0.0  0.0  0.0  0.0  0.0  0.0  0.0  0.0  0.0  0.0  0.0  0.0  0.0  0.0  0.0  0.0  0.0  0.0  0.0  0.0  0.0  0.0  0.0  0.0  0.0  0.0  0.0  0.0  0.0  0.0  0.0  0.0  0.0  0.0  0.0  0.0  0.0  0.0  0.0  0.0  0.0  0.0  0.0  0.0  0.0  0.0  0.0  0.0  0.0  0.0  0.0  1.0  0.0  0.0  0.0  0.0   0.0   0.0   0.0   0.0   0.0   0.0   0.0   0.0   0.0   0.0   0.0   0.0   0.0   0.0   0.0   0.0   0.0   0.0   0.0   0.0   0.0   0.0   0.0   0.0   0.0   0.0   0.0   0.0   0.0   0.0   0.0   0.0   0.0   0.0   0.0   0.0   0.0   0.0   0.0   0.0   0.0   0.0   0.0   0.0   0.0   0.0   0.0   0.0   0.0   0.0   0.0   0.0   0.0   0.0   0.0   0.0   0.0   0.0   0.0   0.0   0.0   0.0   0.0   0.0   0.0   0.0 -1.001643e-12
784  0.0  0.0  0.0  0.0  0.0  0.0  0.0  0.0  0.0  0.0  0.0  0.0  0.0  0.0  0.0  0.0  0.0  0.0  0.0  0.0  0.0  0.0  0.0  0.0  0.0  0.0  0.0  0.0  0.0  0.0  0.0  0.0  0.0  0.0  0.0  0.0  0.0  0.0  0.0  0.0  0.0  0.0  0.0  0.0  0.0  0.0  0.0  0.0  0.0  0.0  0.0  0.0  0.0  0.0  0.0  0.0  0.0  0.0  0.0  0.0  0.0  0.0  0.0  0.0  0.0  0.0  0.0  0.0  0.0  0.0  0.0  0.0  0.0  0.0  0.0  0.0  0.0  0.0  0.0  0.0  0.0  0.0  0.0  0.0  0.0  0.0  0.0  0.0  0.0  0.0  0.0  0.0  0.0  0.0  0.0  0.0  0.0  0.0  0.0  0.0  0.0  0.0  0.0  0.0  0.0  0.0  0.0  0.0  0.0  0.0  0.0  0.0  0.0  0.0  0.0  0.0  0.0  0.0  0.0  0.0  0.0  0.0  0.0  0.0  0.0  0.0  0.0  0.0  0.0  0.0  0.0  0.0  0.0  0.0  0.0  0.0  0.0  0.0  0.0  0.0  0.0  0.0  0.0  0.0  0.0  0.0  0.0  0.0  0.0  0.0  0.0  0.0  0.0  1.0  0.0  0.0  0.0  0.0   0.0   0.0   0.0   0.0   0.0   0.0   0.0   0.0   0.0   0.0   0.0   0.0   0.0   0.0   0.0   0.0   0.0   0.0   0.0   0.0   0.0   0.0   0.0   0.0   0.0   0.0   0.0   0.0   0.0   0.0   0.0   0.0   0.0   0.0   0.0   0.0   0.0   0.0   0.0   0.0   0.0   0.0   0.0   0.0   0.0   0.0   0.0   0.0   0.0   0.0   0.0   0.0   0.0   0.0   0.0   0.0   0.0   0.0   0.0   0.0   0.0   0.0   0.0   0.0   0.0   0.0 -1.001199e-12
776  0.0  0.0  0.0  0.0  0.0  0.0  0.0  0.0  0.0  0.0  0.0  0.0  0.0  0.0  0.0  0.0  0.0  0.0  0.0  0.0  0.0  0.0  0.0  0.0  0.0  0.0  0.0  0.0  0.0  0.0  0.0  0.0  0.0  0.0  0.0  0.0  0.0  0.0  0.0  0.0  0.0  0.0  0.0  0.0  0.0  0.0  0.0  0.0  0.0  0.0  0.0  0.0  0.0  0.0  0.0  0.0  0.0  0.0  0.0  0.0  0.0  0.0  0.0  0.0  0.0  0.0  0.0  0.0  0.0  0.0  0.0  0.0  0.0  0.0  0.0  0.0  0.0  0.0  0.0  0.0  0.0  0.0  0.0  0.0  0.0  0.0  0.0  0.0  0.0  0.0  0.0  0.0  0.0  0.0  0.0  0.0  0.0  0.0  0.0  0.0  0.0  0.0  0.0  0.0  0.0  0.0  0.0  0.0  0.0  0.0  0.0  0.0  0.0  0.0  0.0  0.0  0.0  0.0  0.0  0.0  0.0  0.0  0.0  0.0  0.0  0.0  0.0  0.0  0.0  0.0  0.0  0.0  0.0  0.0  0.0  0.0  0.0  0.0  0.0  0.0  0.0  0.0  0.0  0.0  0.0  0.0  0.0  0.0  0.0  0.0  0.0  0.0  0.0  1.0  0.0  0.0  0.0  0.0   0.0   0.0   0.0   0.0   0.0   0.0   0.0   0.0   0.0   0.0   0.0   0.0   0.0   0.0   0.0   0.0   0.0   0.0   0.0   0.0   0.0   0.0   0.0   0.0   0.0   0.0   0.0   0.0   0.0   0.0   0.0   0.0   0.0   0.0   0.0   0.0   0.0   0.0   0.0   0.0   0.0   0.0   0.0   0.0   0.0   0.0   0.0   0.0   0.0   0.0   0.0   0.0   0.0   0.0   0.0   0.0   0.0   0.0   0.0   0.0   0.0   0.0   0.0   0.0   0.0   0.0 -1.000977e-12
775  0.0  0.0  0.0  0.0  0.0  0.0  0.0  0.0  0.0  0.0  0.0  0.0  0.0  0.0  0.0  0.0  0.0  0.0  0.0  0.0  0.0  0.0  0.0  0.0  0.0  0.0  0.0  0.0  0.0  0.0  0.0  0.0  0.0  0.0  0.0  0.0  0.0  0.0  0.0  0.0  0.0  0.0  0.0  0.0  0.0  0.0  0.0  0.0  0.0  0.0  0.0  0.0  0.0  0.0  0.0  0.0  0.0  0.0  0.0  0.0  0.0  0.0  0.0  0.0  0.0  0.0  0.0  0.0  0.0  0.0  0.0  0.0  0.0  0.0  0.0  0.0  0.0  0.0  0.0  0.0  0.0  0.0  0.0  0.0  0.0  0.0  0.0  0.0  0.0  0.0  0.0  0.0  0.0  0.0  0.0  0.0  0.0  0.0  0.0  0.0  0.0  0.0  0.0  0.0  0.0  0.0  0.0  0.0  0.0  0.0  0.0  0.0  0.0  0.0  0.0  0.0  0.0  0.0  0.0  0.0  0.0  0.0  0.0  0.0  0.0  0.0  0.0  0.0  0.0  0.0  0.0  0.0  0.0  0.0  0.0  0.0  0.0  0.0  0.0  0.0  0.0  0.0  0.0  0.0  0.0  0.0  0.0  0.0  0.0  0.0  0.0  0.0  0.0  1.0  0.0  0.0  0.0  0.0   0.0   0.0   0.0   0.0   0.0   0.0   0.0   0.0   0.0   0.0   0.0   0.0   0.0   0.0   0.0   0.0   0.0   0.0   0.0   0.0   0.0   0.0   0.0   0.0   0.0   0.0   0.0   0.0   0.0   0.0   0.0   0.0   0.0   0.0   0.0   0.0   0.0   0.0   0.0   0.0   0.0   0.0   0.0   0.0   0.0   0.0   0.0   0.0   0.0   0.0   0.0   0.0   0.0   0.0   0.0   0.0   0.0   0.0   0.0   0.0   0.0   0.0   0.0   0.0   0.0   0.0 -1.000977e-12
