Construct: PL

Matrix shape: (1824, 92) (transient nodes x absorbing nodes)

Example absorption profile (first row):
799    0.016769
800    0.011643
801    0.015072
802    0.013556
803    0.010169
804    0.009408
805    0.004498
806    0.006667
807    0.017053
808    0.014479
809    0.015137
810    0.016721
811    0.023381
812    0.022586
813    0.008705
814    0.025466
815    0.016361
816    0.019225
817    0.014474
818    0.018310
819    0.022546
820    0.022651
821    0.017798
822    0.007700
823    0.014028
824    0.020576
825    0.009082
826    0.008799
827    0.009100
828    0.004486
829    0.003450
830    0.003019
831    0.009563
832    0.009364
833    0.009945
834    0.020360
835    0.015830
836    0.002715
837    0.017329
838    0.002164
839    0.013756
840    0.009135
841    0.017309
842    0.006348
843    0.018441
844    0.008050
845    0.014831
846    0.010548
847    0.007341
848    0.003789
849    0.009461
850    0.008891
851    0.006250
852    0.006222
853    0.005853
854    0.011636
855    0.006374
856    0.010974
857    0.005606
858    0.006572
859    0.021528
860    0.000750
861    0.000588
862    0.001920
863    0.002583
864    0.002518
865    0.003988
866    0.001649
867    0.001130
868    0.017076
869    0.008313
870    0.022222
871    0.005983
872    0.021311
873    0.000157
874    0.000000
875    0.011432
876    0.011534
877    0.007706
878    0.017862
879    0.016648
880    0.004397
881    0.000462
882    0.006508
883    0.024174
884    0.016498
885    0.006042
886    0.004396
887    0.004531
888    0.003951
889    0.027626
890    0.006950

Absorbing state influence (normalized):
889    0.025729
883    0.024862
824    0.023865
814    0.023237
820    0.022986
834    0.022877
872    0.022683
870    0.022100
819    0.021936
837    0.020642
859    0.020577
811    0.020233
878    0.020036
843    0.019787
868    0.019661
812    0.019552
816    0.019302
841    0.018656
835    0.017486
884    0.017104
821    0.017064
879    0.016815
818    0.015878
799    0.015853
856    0.015080
854    0.014780
807    0.014758
801    0.014705
810    0.014502
839    0.014167
815    0.014008
876    0.013720
869    0.013374
809    0.013098
845    0.012909
875    0.012787
823    0.012685
817    0.012549
808    0.012520
890    0.012379
800    0.012172
802    0.011706
885    0.009851
840    0.009230
888    0.009187
846    0.009170
803    0.008769
877    0.008643
833    0.008642
831    0.008283
882    0.008282
849    0.008231
842    0.008190
832    0.008143
804    0.008099
827    0.007880
825    0.007844
850    0.007741
826    0.007609
813    0.007598
880    0.007535
844    0.007003
871    0.006732
822    0.006558
847    0.006404
806    0.005717
858    0.005668
886    0.005662
855    0.005555
887    0.005502
851    0.005453
852    0.005431
853    0.005123
857    0.004899
805    0.003845
828    0.003833
865    0.003494
848    0.003215
829    0.002980
830    0.002610
836    0.002350
863    0.002274
864    0.002219
838    0.001876
862    0.001691
866    0.001457
867    0.001000
860    0.000653
861    0.000513
881    0.000401
873    0.000138
874    0.000000

Top 10 most certain transient nodes (lowest entropy):
           799       800       801       802       803       804       805       806       807       808       809       810       811       812       813       814       815       816       817       818       819       820       821       822       823       824       825       826       827       828       829       830       831       832       833       834       835       836       837       838       839       840       841       842       843       844       845       846       847       848       849       850       851       852       853       854       855       856       857       858       859       860       861       862       863       864       865       866       867       868       869       870       871       872       873  874       875       876       877       878       879       880       881       882       883       884       885       886       887       888       889       890   entropy
1539  0.000000  0.000000  0.000000  0.000000  0.000000  0.000000  0.000000  0.000000  0.000000  0.000000  0.000000  0.000000  0.000000  0.000000  0.000000  0.000000  0.000000  0.000000  0.000000  0.000000  0.111683  0.101726  0.000000  0.000000  0.000000  0.000000  0.000000  0.000000  0.000000  0.000000  0.000000  0.000000  0.000000  0.000000  0.000000  0.103883  0.000000  0.000000  0.000000  0.000000  0.130933  0.000000  0.000000  0.000000  0.112678  0.000000  0.000000  0.000000  0.000000  0.000000  0.000000  0.000000  0.000000  0.000000  0.000000  0.117989  0.000000  0.108032  0.000000  0.000000  0.000000  0.000000  0.000000  0.000000  0.000000  0.000000  0.000000  0.000000  0.000000  0.000000  0.000000  0.000000  0.000000  0.000000  0.000000  0.0  0.000000  0.000000  0.000000  0.000000  0.000000  0.000000  0.000000  0.000000  0.000000  0.000000  0.111849  0.000000  0.000000  0.000000  0.000000  0.101228  2.194185
1571  0.008071  0.007494  0.005820  0.001459  0.001033  0.000951  0.000442  0.000674  0.001788  0.001488  0.001559  0.001776  0.002557  0.002474  0.000978  0.006144  0.001850  0.002415  0.001523  0.002019  0.008315  0.145836  0.008808  0.000930  0.001640  0.002418  0.000923  0.000913  0.000948  0.000451  0.000353  0.000310  0.001054  0.000987  0.001044  0.151550  0.184149  0.000279  0.163310  0.000224  0.006997  0.003423  0.148577  0.008279  0.009305  0.000847  0.001643  0.001108  0.000776  0.000432  0.001006  0.000956  0.000668  0.000666  0.000630  0.009505  0.000677  0.010788  0.000596  0.000734  0.005224  0.000079  0.000062  0.000206  0.000276  0.000269  0.000428  0.000177  0.000122  0.001907  0.000973  0.004000  0.000726  0.002282  0.000023  0.0  0.001242  0.007156  0.001199  0.002056  0.005715  0.000581  0.000055  0.000621  0.002292  0.004833  0.008386  0.000682  0.000698  0.000532  0.002459  0.010170  2.586351
1523  0.004230  0.002686  0.003158  0.002988  0.002158  0.001984  0.000920  0.001396  0.003746  0.003161  0.003308  0.003758  0.005753  0.005609  0.001838  0.180996  0.004104  0.007939  0.003194  0.004686  0.009425  0.009016  0.007184  0.002200  0.003937  0.008177  0.001951  0.001917  0.001994  0.000919  0.000741  0.000658  0.002160  0.002095  0.002217  0.008767  0.004674  0.000586  0.007964  0.000470  0.004235  0.002678  0.007603  0.001765  0.008843  0.001813  0.003886  0.002363  0.001668  0.001371  0.002142  0.002030  0.001429  0.001420  0.001344  0.006901  0.001447  0.006740  0.001285  0.001473  0.009336  0.000170  0.000134  0.000452  0.000606  0.000591  0.000926  0.000393  0.000273  0.007174  0.002780  0.009516  0.002094  0.008219  0.000037  0.0  0.005659  0.164558  0.005159  0.007988  0.182604  0.001783  0.000105  0.001377  0.008278  0.169810  0.005346  0.001902  0.001920  0.001718  0.006341  0.005650  2.834414
1524  0.004230  0.002686  0.003158  0.002988  0.002158  0.001984  0.000920  0.001396  0.003746  0.003161  0.003308  0.003758  0.005753  0.005609  0.001838  0.180996  0.004104  0.007939  0.003194  0.004686  0.009425  0.009016  0.007184  0.002200  0.003937  0.008177  0.001951  0.001917  0.001994  0.000919  0.000741  0.000658  0.002160  0.002095  0.002217  0.008767  0.004674  0.000586  0.007964  0.000470  0.004235  0.002678  0.007603  0.001765  0.008843  0.001813  0.003886  0.002363  0.001668  0.001371  0.002142  0.002030  0.001429  0.001420  0.001344  0.006901  0.001447  0.006740  0.001285  0.001473  0.009336  0.000170  0.000134  0.000452  0.000606  0.000591  0.000926  0.000393  0.000273  0.007174  0.002780  0.009516  0.002094  0.008219  0.000037  0.0  0.005659  0.164558  0.005159  0.007988  0.182604  0.001783  0.000105  0.001377  0.008278  0.169810  0.005346  0.001902  0.001920  0.001718  0.006341  0.005650  2.834414
1517  0.004230  0.002686  0.003158  0.002988  0.002158  0.001984  0.000920  0.001396  0.003746  0.003161  0.003308  0.003758  0.005753  0.005609  0.001838  0.180996  0.004104  0.007939  0.003194  0.004686  0.009425  0.009016  0.007184  0.002200  0.003937  0.008177  0.001951  0.001917  0.001994  0.000919  0.000741  0.000658  0.002160  0.002095  0.002217  0.008767  0.004674  0.000586  0.007964  0.000470  0.004235  0.002678  0.007603  0.001765  0.008843  0.001813  0.003886  0.002363  0.001668  0.001371  0.002142  0.002030  0.001429  0.001420  0.001344  0.006901  0.001447  0.006740  0.001285  0.001473  0.009336  0.000170  0.000134  0.000452  0.000606  0.000591  0.000926  0.000393  0.000273  0.007174  0.002780  0.009516  0.002094  0.008219  0.000037  0.0  0.005659  0.164558  0.005159  0.007988  0.182604  0.001783  0.000105  0.001377  0.008278  0.169810  0.005346  0.001902  0.001920  0.001718  0.006341  0.005650  2.834414
1525  0.004230  0.002686  0.003158  0.002988  0.002158  0.001984  0.000920  0.001396  0.003746  0.003161  0.003308  0.003758  0.005753  0.005609  0.001838  0.180996  0.004104  0.007939  0.003194  0.004686  0.009425  0.009016  0.007184  0.002200  0.003937  0.008177  0.001951  0.001917  0.001994  0.000919  0.000741  0.000658  0.002160  0.002095  0.002217  0.008767  0.004674  0.000586  0.007964  0.000470  0.004235  0.002678  0.007603  0.001765  0.008843  0.001813  0.003886  0.002363  0.001668  0.001371  0.002142  0.002030  0.001429  0.001420  0.001344  0.006901  0.001447  0.006740  0.001285  0.001473  0.009336  0.000170  0.000134  0.000452  0.000606  0.000591  0.000926  0.000393  0.000273  0.007174  0.002780  0.009516  0.002094  0.008219  0.000037  0.0  0.005659  0.164558  0.005159  0.007988  0.182604  0.001783  0.000105  0.001377  0.008278  0.169810  0.005346  0.001902  0.001920  0.001718  0.006341  0.005650  2.834414
1495  0.003286  0.002251  0.002808  0.002770  0.001995  0.001840  0.000867  0.001303  0.003455  0.002896  0.003029  0.003608  0.005008  0.004890  0.001700  0.013169  0.003492  0.011970  0.002909  0.004046  0.011372  0.005441  0.003908  0.001652  0.003662  0.014733  0.001793  0.001753  0.001818  0.000867  0.000680  0.000602  0.001994  0.001897  0.002010  0.005070  0.003715  0.000536  0.004343  0.000429  0.003451  0.002031  0.004194  0.001317  0.010922  0.001640  0.003276  0.002140  0.001499  0.000948  0.001968  0.001860  0.001284  0.001277  0.001205  0.008854  0.001309  0.006660  0.001157  0.001383  0.014522  0.000151  0.000119  0.000402  0.000540  0.000527  0.000830  0.000348  0.000240  0.013770  0.010716  0.199394  0.005817  0.202801  0.000033  0.0  0.012036  0.010509  0.006345  0.225119  0.012464  0.006108  0.000095  0.001991  0.016374  0.014144  0.007559  0.001956  0.001879  0.008559  0.015005  0.005705  2.850106
1849  0.002004  0.001365  0.001661  0.001963  0.001356  0.001243  0.000572  0.000882  0.002513  0.002033  0.002128  0.002987  0.003980  0.003888  0.001140  0.004626  0.002729  0.123605  0.002067  0.003311  0.019769  0.007384  0.002822  0.001202  0.029467  0.029420  0.001233  0.001221  0.001276  0.000574  0.000468  0.000420  0.001507  0.001363  0.001439  0.007111  0.002846  0.000370  0.003413  0.000298  0.003014  0.001542  0.002980  0.000824  0.019683  0.001186  0.002785  0.001536  0.001092  0.000657  0.001495  0.001431  0.000941  0.000938  0.000892  0.009813  0.000958  0.002725  0.000856  0.001059  0.014564  0.000107  0.000084  0.000307  0.000410  0.000401  0.000621  0.000269  0.000188  0.027328  0.012125  0.019590  0.006898  0.003843  0.000025  0.0  0.002573  0.016725  0.169669  0.005651  0.014838  0.002064  0.000069  0.000906  0.003861  0.009365  0.002027  0.178756  0.162597  0.002169  0.003924  0.001986  2.883912
1848  0.002021  0.001376  0.001675  0.001979  0.001367  0.001253  0.000576  0.000889  0.002533  0.002049  0.002145  0.003011  0.004011  0.003919  0.001149  0.004661  0.002751  0.122222  0.002083  0.003337  0.019935  0.007457  0.002845  0.001212  0.029803  0.029602  0.001243  0.001230  0.001286  0.000579  0.000472  0.000423  0.001519  0.001374  0.001450  0.007181  0.002869  0.000373  0.003438  0.000300  0.003036  0.001555  0.003004  0.000831  0.019852  0.001195  0.002807  0.001549  0.001101  0.000663  0.001507  0.001442  0.000949  0.000946  0.000900  0.009955  0.000965  0.002745  0.000863  0.001068  0.014775  0.000108  0.000084  0.000310  0.000414  0.000404  0.000626  0.000271  0.000189  0.027499  0.012066  0.019774  0.006863  0.003873  0.000025  0.0  0.002593  0.016975  0.169747  0.005727  0.015041  0.002075  0.000070  0.000913  0.003892  0.009518  0.002041  0.178374  0.161086  0.002180  0.003956  0.002001  2.892601
1850  0.002122  0.001445  0.001759  0.002079  0.001436  0.001315  0.000605  0.000933  0.002660  0.002152  0.002253  0.003162  0.004213  0.004115  0.001207  0.004897  0.002889  0.080392  0.002188  0.003504  0.020935  0.007825  0.002988  0.001273  0.031440  0.031085  0.001305  0.001292  0.001350  0.000608  0.000496  0.000445  0.001595  0.001443  0.001523  0.007536  0.003013  0.000392  0.003611  0.000315  0.003189  0.001632  0.003155  0.000872  0.020848  0.001255  0.002948  0.001626  0.001156  0.000696  0.001583  0.001515  0.000997  0.000993  0.000945  0.010442  0.001014  0.002883  0.000906  0.001121  0.015559  0.000113  0.000089  0.000325  0.000434  0.000425  0.000658  0.000285  0.000199  0.028876  0.012637  0.020786  0.007197  0.004070  0.000026  0.0  0.002725  0.017863  0.177532  0.006044  0.015805  0.002179  0.000073  0.000959  0.004089  0.010017  0.002145  0.186871  0.167899  0.002290  0.004156  0.002102  2.924331
