Matrix shape: (1650, 92) (transient nodes x absorbing nodes)

Example absorption profile (first row):
799    7.172548e-02
800    4.668597e-03
801    9.645479e-03
802    1.505598e-02
803    8.326786e-03
804    1.275095e-02
805    1.397394e-02
806    7.356009e-02
807    3.556102e-02
808    1.275495e-02
809    7.943095e-03
810    7.111831e-03
811    5.371995e-04
812    5.279602e-04
813    5.754766e-04
814    5.325798e-04
815    5.352196e-04
816    5.352196e-04
817    0.000000e+00
818    0.000000e+00
819    0.000000e+00
820    0.000000e+00
821    0.000000e+00
822    4.849377e-03
823    2.380349e-03
824    5.497736e-03
825    4.757607e-03
826    4.731908e-03
827    5.196682e-02
828    1.931082e-02
829    8.027805e-02
830    7.892834e-02
831    1.349647e-02
832    1.029164e-02
833    3.164239e-02
834    1.334863e-03
835    1.278705e-03
836    7.631208e-04
837    7.647030e-04
838    2.530742e-03
839    1.545212e-02
840    5.663586e-03
841    6.101074e-02
842    1.732629e-02
843    9.012395e-02
844    1.157621e-01
845    0.000000e+00
846    0.000000e+00
847    0.000000e+00
848    0.000000e+00
849    0.000000e+00
850    0.000000e+00
851    0.000000e+00
852    0.000000e+00
853    1.947623e-03
854    5.031880e-06
855    1.717812e-02
856    8.204580e-02
857    0.000000e+00
858    0.000000e+00
859    0.000000e+00
860    0.000000e+00
861    1.161188e-05
862    1.079806e-05
863    0.000000e+00
864    0.000000e+00
865    0.000000e+00
866    0.000000e+00
867    0.000000e+00
868    0.000000e+00
869    0.000000e+00
870    0.000000e+00
871    0.000000e+00
872    0.000000e+00
873    0.000000e+00
874    0.000000e+00
875    0.000000e+00
876    0.000000e+00
877    0.000000e+00
878    0.000000e+00
879    7.531415e-06
880    8.068351e-05
881    0.000000e+00
882    8.956243e-07
883    2.448609e-06
884    1.906227e-05
885    2.434134e-04
886    1.959400e-03
887    0.000000e+00
888    1.153711e-05
889    6.980769e-06
890    4.778779e-06

Absorbing state influence (normalized):
844    0.094125
843    0.075130
856    0.069638
829    0.067529
830    0.064858
806    0.061216
799    0.060418
841    0.052331
827    0.044919
807    0.030318
833    0.026881
884    0.025958
889    0.024594
890    0.016957
828    0.016956
855    0.016562
842    0.015857
839    0.015234
810    0.014844
802    0.013623
805    0.012583
831    0.011975
804    0.011523
808    0.011382
885    0.011126
879    0.010246
832    0.009153
883    0.008863
801    0.008829
886    0.008185
803    0.007722
809    0.007191
840    0.006802
861    0.006446
888    0.006400
880    0.006030
824    0.005011
822    0.004451
800    0.004417
825    0.004366
826    0.004341
853    0.003991
838    0.003928
882    0.003326
862    0.003194
823    0.002243
834    0.001267
854    0.001238
835    0.001196
837    0.000713
836    0.000712
813    0.000568
811    0.000530
816    0.000528
815    0.000528
814    0.000525
812    0.000521
881    0.000000
871    0.000000
872    0.000000
873    0.000000
874    0.000000
876    0.000000
875    0.000000
877    0.000000
878    0.000000
887    0.000000
869    0.000000
870    0.000000
852    0.000000
868    0.000000
867    0.000000
817    0.000000
818    0.000000
819    0.000000
820    0.000000
821    0.000000
846    0.000000
847    0.000000
848    0.000000
849    0.000000
850    0.000000
851    0.000000
857    0.000000
858    0.000000
859    0.000000
860    0.000000
863    0.000000
864    0.000000
865    0.000000
866    0.000000
845    0.000000

Top 10 most certain transient nodes (lowest entropy):
      799  800  801  802  803  804  805  806  807  808  809  810  811  812  813  814  815  816  817  818  819  820  821  822  823  824  825  826  827  828  829  830  831  832  833  834  835  836  837  838  839  840  841  842  843  844  845  846  847  848  849  850  851  852  853  854  855  856  857  858  859  860  861  862  863  864  865  866  867  868  869  870  871  872  873  874  875  876  877  878  879  880  881  882  883  884  885  886  887  888  889  890       entropy
1178  0.0  0.0  0.0  0.0  0.0  0.0  0.0  0.0  0.0  0.0  0.0  1.0  0.0  0.0  0.0  0.0  0.0  0.0  0.0  0.0  0.0  0.0  0.0  0.0  0.0  0.0  0.0  0.0  0.0  0.0  0.0  0.0  0.0  0.0  0.0  0.0  0.0  0.0  0.0  0.0  0.0  0.0  0.0  0.0  0.0  0.0  0.0  0.0  0.0  0.0  0.0  0.0  0.0  0.0  0.0  0.0  0.0  0.0  0.0  0.0  0.0  0.0  0.0  0.0  0.0  0.0  0.0  0.0  0.0  0.0  0.0  0.0  0.0  0.0  0.0  0.0  0.0  0.0  0.0  0.0  0.0  0.0  0.0  0.0  0.0  0.0  0.0  0.0  0.0  0.0  0.0  0.0 -1.000089e-12
1177  0.0  0.0  0.0  0.0  0.0  0.0  0.0  0.0  0.0  0.0  0.0  1.0  0.0  0.0  0.0  0.0  0.0  0.0  0.0  0.0  0.0  0.0  0.0  0.0  0.0  0.0  0.0  0.0  0.0  0.0  0.0  0.0  0.0  0.0  0.0  0.0  0.0  0.0  0.0  0.0  0.0  0.0  0.0  0.0  0.0  0.0  0.0  0.0  0.0  0.0  0.0  0.0  0.0  0.0  0.0  0.0  0.0  0.0  0.0  0.0  0.0  0.0  0.0  0.0  0.0  0.0  0.0  0.0  0.0  0.0  0.0  0.0  0.0  0.0  0.0  0.0  0.0  0.0  0.0  0.0  0.0  0.0  0.0  0.0  0.0  0.0  0.0  0.0  0.0  0.0  0.0  0.0 -9.996448e-13
1179  0.0  0.0  0.0  0.0  0.0  0.0  0.0  0.0  0.0  0.0  0.0  1.0  0.0  0.0  0.0  0.0  0.0  0.0  0.0  0.0  0.0  0.0  0.0  0.0  0.0  0.0  0.0  0.0  0.0  0.0  0.0  0.0  0.0  0.0  0.0  0.0  0.0  0.0  0.0  0.0  0.0  0.0  0.0  0.0  0.0  0.0  0.0  0.0  0.0  0.0  0.0  0.0  0.0  0.0  0.0  0.0  0.0  0.0  0.0  0.0  0.0  0.0  0.0  0.0  0.0  0.0  0.0  0.0  0.0  0.0  0.0  0.0  0.0  0.0  0.0  0.0  0.0  0.0  0.0  0.0  0.0  0.0  0.0  0.0  0.0  0.0  0.0  0.0  0.0  0.0  0.0  0.0 -9.994228e-13
1186  0.0  0.0  0.0  0.0  0.0  0.0  0.0  0.0  0.0  0.0  0.0  1.0  0.0  0.0  0.0  0.0  0.0  0.0  0.0  0.0  0.0  0.0  0.0  0.0  0.0  0.0  0.0  0.0  0.0  0.0  0.0  0.0  0.0  0.0  0.0  0.0  0.0  0.0  0.0  0.0  0.0  0.0  0.0  0.0  0.0  0.0  0.0  0.0  0.0  0.0  0.0  0.0  0.0  0.0  0.0  0.0  0.0  0.0  0.0  0.0  0.0  0.0  0.0  0.0  0.0  0.0  0.0  0.0  0.0  0.0  0.0  0.0  0.0  0.0  0.0  0.0  0.0  0.0  0.0  0.0  0.0  0.0  0.0  0.0  0.0  0.0  0.0  0.0  0.0  0.0  0.0  0.0 -9.992007e-13
1185  0.0  0.0  0.0  0.0  0.0  0.0  0.0  0.0  0.0  0.0  0.0  1.0  0.0  0.0  0.0  0.0  0.0  0.0  0.0  0.0  0.0  0.0  0.0  0.0  0.0  0.0  0.0  0.0  0.0  0.0  0.0  0.0  0.0  0.0  0.0  0.0  0.0  0.0  0.0  0.0  0.0  0.0  0.0  0.0  0.0  0.0  0.0  0.0  0.0  0.0  0.0  0.0  0.0  0.0  0.0  0.0  0.0  0.0  0.0  0.0  0.0  0.0  0.0  0.0  0.0  0.0  0.0  0.0  0.0  0.0  0.0  0.0  0.0  0.0  0.0  0.0  0.0  0.0  0.0  0.0  0.0  0.0  0.0  0.0  0.0  0.0  0.0  0.0  0.0  0.0  0.0  0.0 -9.992007e-13
1184  0.0  0.0  0.0  0.0  0.0  0.0  0.0  0.0  0.0  0.0  0.0  1.0  0.0  0.0  0.0  0.0  0.0  0.0  0.0  0.0  0.0  0.0  0.0  0.0  0.0  0.0  0.0  0.0  0.0  0.0  0.0  0.0  0.0  0.0  0.0  0.0  0.0  0.0  0.0  0.0  0.0  0.0  0.0  0.0  0.0  0.0  0.0  0.0  0.0  0.0  0.0  0.0  0.0  0.0  0.0  0.0  0.0  0.0  0.0  0.0  0.0  0.0  0.0  0.0  0.0  0.0  0.0  0.0  0.0  0.0  0.0  0.0  0.0  0.0  0.0  0.0  0.0  0.0  0.0  0.0  0.0  0.0  0.0  0.0  0.0  0.0  0.0  0.0  0.0  0.0  0.0  0.0 -9.992007e-13
1182  0.0  0.0  0.0  0.0  0.0  0.0  0.0  0.0  0.0  0.0  0.0  1.0  0.0  0.0  0.0  0.0  0.0  0.0  0.0  0.0  0.0  0.0  0.0  0.0  0.0  0.0  0.0  0.0  0.0  0.0  0.0  0.0  0.0  0.0  0.0  0.0  0.0  0.0  0.0  0.0  0.0  0.0  0.0  0.0  0.0  0.0  0.0  0.0  0.0  0.0  0.0  0.0  0.0  0.0  0.0  0.0  0.0  0.0  0.0  0.0  0.0  0.0  0.0  0.0  0.0  0.0  0.0  0.0  0.0  0.0  0.0  0.0  0.0  0.0  0.0  0.0  0.0  0.0  0.0  0.0  0.0  0.0  0.0  0.0  0.0  0.0  0.0  0.0  0.0  0.0  0.0  0.0 -9.992007e-13
1190  0.0  0.0  0.0  0.0  0.0  0.0  0.0  0.0  0.0  0.0  0.0  1.0  0.0  0.0  0.0  0.0  0.0  0.0  0.0  0.0  0.0  0.0  0.0  0.0  0.0  0.0  0.0  0.0  0.0  0.0  0.0  0.0  0.0  0.0  0.0  0.0  0.0  0.0  0.0  0.0  0.0  0.0  0.0  0.0  0.0  0.0  0.0  0.0  0.0  0.0  0.0  0.0  0.0  0.0  0.0  0.0  0.0  0.0  0.0  0.0  0.0  0.0  0.0  0.0  0.0  0.0  0.0  0.0  0.0  0.0  0.0  0.0  0.0  0.0  0.0  0.0  0.0  0.0  0.0  0.0  0.0  0.0  0.0  0.0  0.0  0.0  0.0  0.0  0.0  0.0  0.0  0.0 -9.989787e-13
1183  0.0  0.0  0.0  0.0  0.0  0.0  0.0  0.0  0.0  0.0  0.0  1.0  0.0  0.0  0.0  0.0  0.0  0.0  0.0  0.0  0.0  0.0  0.0  0.0  0.0  0.0  0.0  0.0  0.0  0.0  0.0  0.0  0.0  0.0  0.0  0.0  0.0  0.0  0.0  0.0  0.0  0.0  0.0  0.0  0.0  0.0  0.0  0.0  0.0  0.0  0.0  0.0  0.0  0.0  0.0  0.0  0.0  0.0  0.0  0.0  0.0  0.0  0.0  0.0  0.0  0.0  0.0  0.0  0.0  0.0  0.0  0.0  0.0  0.0  0.0  0.0  0.0  0.0  0.0  0.0  0.0  0.0  0.0  0.0  0.0  0.0  0.0  0.0  0.0  0.0  0.0  0.0 -9.989787e-13
1181  0.0  0.0  0.0  0.0  0.0  0.0  0.0  0.0  0.0  0.0  0.0  1.0  0.0  0.0  0.0  0.0  0.0  0.0  0.0  0.0  0.0  0.0  0.0  0.0  0.0  0.0  0.0  0.0  0.0  0.0  0.0  0.0  0.0  0.0  0.0  0.0  0.0  0.0  0.0  0.0  0.0  0.0  0.0  0.0  0.0  0.0  0.0  0.0  0.0  0.0  0.0  0.0  0.0  0.0  0.0  0.0  0.0  0.0  0.0  0.0  0.0  0.0  0.0  0.0  0.0  0.0  0.0  0.0  0.0  0.0  0.0  0.0  0.0  0.0  0.0  0.0  0.0  0.0  0.0  0.0  0.0  0.0  0.0  0.0  0.0  0.0  0.0  0.0  0.0  0.0  0.0  0.0 -9.989787e-13
